id,predict_0,predict_1,predict_2
11066,0.347272545354,0.348464163404,0.304263291242
18000,0.34244158464,0.339124556691,0.318433858669
16964,0.35191505126,0.343908883349,0.30417606539
4795,0.348483357594,0.33505434705,0.316462295355
3392,0.341678500022,0.341021584454,0.317299915525
3795,0.340755796705,0.345368748313,0.313875454982
2881,0.347410108214,0.34832647367,0.304263418116
1903,0.341113766917,0.336330427152,0.322555805931
5245,0.34527904013,0.341452472719,0.313268487151
6726,0.345963792353,0.340807176372,0.313229031275
1311,0.350586297703,0.348799687887,0.30061401441
15795,0.348268780694,0.347467757875,0.304263461431
4315,0.340953587389,0.341940170663,0.317106241948
3393,0.338604763051,0.340970211898,0.320425025051
6764,0.335894908725,0.334395117053,0.329709974222
13039,0.349446022279,0.346605339704,0.303948638017
12331,0.344991656421,0.342756165193,0.312252178386
14276,0.342179222568,0.342738668048,0.315082109384
14638,0.348268780694,0.347467757875,0.304263461431
6573,0.354095533788,0.342059170372,0.30384529584
2222,0.34244158464,0.339124556691,0.318433858669
8824,0.351165087642,0.344580790398,0.30425412196
6360,0.342027730484,0.341272564447,0.316699705069
7553,0.343316124026,0.338517854759,0.318166021214
13760,0.345290550956,0.341459684694,0.313249764349
4284,0.342179222568,0.342738668048,0.315082109384
1356,0.342765708799,0.340393571674,0.316840719526
3410,0.342014694463,0.340980827772,0.317004477765
4830,0.34527904013,0.341452472719,0.313268487151
8998,0.34492892801,0.341174727672,0.313896344318
18052,0.351842008009,0.343981421673,0.304176570319
7539,0.348336065472,0.347400524177,0.304263410351
9529,0.342014694463,0.340980827772,0.317004477765
3656,0.34527904013,0.341452472719,0.313268487151
14238,0.345155302649,0.341474867681,0.313369829669
2682,0.34951339666,0.346538136217,0.303948467123
7312,0.346066810834,0.342413979358,0.311519209809
12971,0.345963792353,0.340807176372,0.313229031275
10735,0.348268780694,0.347467757875,0.304263461431
4050,0.341664072096,0.340699656869,0.317636271035
5943,0.348336065472,0.347400524177,0.304263410351
6482,0.341629465064,0.336179349303,0.322191185633
9746,0.34244158464,0.339124556691,0.318433858669
13320,0.34244158464,0.339124556691,0.318433858669
803,0.344991656421,0.342756165193,0.312252178386
15437,0.342014694463,0.340980827772,0.317004477765
12302,0.352912186265,0.342919563916,0.304168249818
12271,0.348268780694,0.347467757875,0.304263461431
5341,0.34527904013,0.341452472719,0.313268487151
4427,0.354095533788,0.342059170372,0.30384529584
529,0.34527904013,0.341452472719,0.313268487151
2022,0.342014694463,0.340980827772,0.317004477765
14625,0.352912186265,0.342919563916,0.304168249818
2922,0.341678500022,0.341021584454,0.317299915525
16330,0.340741130032,0.341959198949,0.317299671019
12890,0.348268780694,0.347467757875,0.304263461431
2140,0.347272545354,0.348464163404,0.304263291242
13484,0.34577676332,0.341775517366,0.312447719314
12392,0.352701557759,0.347001780538,0.300296661703
2322,0.344486323706,0.338172427508,0.317341248786
567,0.33947451967,0.34036523705,0.320160243279
4436,0.349446022279,0.346605339704,0.303948638017
12156,0.354095533788,0.342059170372,0.30384529584
7508,0.345226980947,0.341422590135,0.313350428918
6184,0.343431474489,0.333761232039,0.322807293472
12213,0.341891324234,0.341002391296,0.31710628447
6458,0.343316124026,0.338517854759,0.318166021214
13967,0.35143081457,0.348268851348,0.300300334081
894,0.340953587389,0.341940170663,0.317106241948
7461,0.342378156638,0.339452447446,0.318169395916
8949,0.352261621045,0.347751141209,0.299987237746
3477,0.339229609537,0.34430048899,0.316469901474
2779,0.347410108214,0.34832647367,0.304263418116
13551,0.337264842206,0.335286860296,0.327448297498
8297,0.34527904013,0.341452472719,0.313268487151
5050,0.34492892801,0.341174727672,0.313896344318
10716,0.350498702992,0.349199179802,0.300302117205
16075,0.341629465064,0.336179349303,0.322191185633
1366,0.344809460351,0.341255589214,0.313934950435
774,0.348268780694,0.347467757875,0.304263461431
7406,0.341877843018,0.340511005806,0.317611151177
2526,0.34492892801,0.341174727672,0.313896344318
9649,0.34527904013,0.341452472719,0.313268487151
16115,0.34176825551,0.347774802155,0.310456942335
14749,0.34527904013,0.341452472719,0.313268487151
14952,0.346158255222,0.340839074905,0.313002669873
4786,0.33885281441,0.336808628429,0.324338557161
16513,0.351982550145,0.343841859275,0.30417559058
2002,0.347198241585,0.348538549494,0.304263208921
4701,0.341083022528,0.341686582467,0.317230395005
7742,0.345155302649,0.341474867681,0.313369829669
5905,0.341468416697,0.340770048108,0.317761535194
685,0.341304895004,0.343350234321,0.315344870675
11857,0.352844635448,0.342986531022,0.30416883353
11628,0.338604763051,0.340970211898,0.320425025051
15024,0.34577676332,0.341775517366,0.312447719314
4168,0.341891324234,0.341002391296,0.31710628447
11914,0.341962610863,0.340950471397,0.317086917739
5293,0.348268780694,0.347467757875,0.304263461431
3374,0.347177378735,0.348559437197,0.304263184068
13055,0.348093092015,0.34764335048,0.304263557505
17759,0.341678500022,0.341021584454,0.317299915525
590,0.337351861281,0.342583002506,0.320065136212
1353,0.351518186868,0.347869973114,0.300611840018
11938,0.342638519901,0.338243843243,0.319117636856
1018,0.337140271046,0.342600667049,0.320259061904
14945,0.348268780694,0.347467757875,0.304263461431
1001,0.34577676332,0.341775517366,0.312447719314
3587,0.346034355365,0.340861580061,0.313104064574
868,0.348268780694,0.347467757875,0.304263461431
9296,0.338604763051,0.340970211898,0.320425025051
12455,0.347410108214,0.34832647367,0.304263418116
17132,0.342884855871,0.343830185795,0.313284958333
10240,0.342014694463,0.340980827772,0.317004477765
3696,0.34244158464,0.339124556691,0.318433858669
10355,0.357882818021,0.351592643219,0.29052453876
2206,0.354155757645,0.346168349499,0.299675892856
14590,0.347198241585,0.348538549494,0.304263208921
13191,0.341113766917,0.336330427152,0.322555805931
5882,0.352701557759,0.347001780538,0.300296661703
12653,0.348268780694,0.347467757875,0.304263461431
1491,0.343323703005,0.345182492014,0.311493804981
1176,0.345205704426,0.335829953721,0.318964341853
11246,0.34244158464,0.339124556691,0.318433858669
14557,0.344486323706,0.338172427508,0.317341248786
4772,0.337972127221,0.344408969899,0.31761890288
17192,0.348268780694,0.347467757875,0.304263461431
10637,0.345963792353,0.340807176372,0.313229031275
3281,0.34527904013,0.341452472719,0.313268487151
3191,0.341304895004,0.343350234321,0.315344870675
672,0.348268780694,0.347467757875,0.304263461431
6301,0.34577676332,0.341775517366,0.312447719314
10309,0.351518186868,0.347869973114,0.300611840018
1734,0.34951339666,0.346538136217,0.303948467123
2990,0.351775179044,0.347950991894,0.300273829062
5746,0.352803674897,0.347547970672,0.299648354431
15289,0.34577676332,0.341775517366,0.312447719314
2971,0.348268780694,0.347467757875,0.304263461431
9771,0.341113766917,0.336330427152,0.322555805931
11253,0.344732522108,0.341246324877,0.314021153015
14576,0.341060253979,0.346624751018,0.312314995003
4688,0.341678500022,0.341021584454,0.317299915525
14469,0.342014694463,0.340980827772,0.317004477765
9298,0.34527904013,0.341452472719,0.313268487151
16099,0.34492892801,0.341174727672,0.313896344318
17316,0.342607854257,0.338701816155,0.318690329588
15212,0.348124026992,0.347612428506,0.304263544502
10691,0.341891324234,0.341002391296,0.31710628447
3805,0.348268780694,0.347467757875,0.304263461431
6418,0.34527904013,0.341452472719,0.313268487151
1158,0.35143081457,0.348268851348,0.300300334081
7768,0.342014694463,0.340980827772,0.317004477765
4834,0.342552594027,0.340412982716,0.317034423257
10914,0.348268780694,0.347467757875,0.304263461431
14606,0.338683440677,0.346087727928,0.315228831394
3220,0.342786658939,0.33591540545,0.321297935611
10433,0.34527904013,0.341452472719,0.313268487151
11251,0.34527904013,0.341452472719,0.313268487151
8084,0.349446022279,0.346605339704,0.303948638017
522,0.375359897987,0.344508726254,0.280131375759
17299,0.342805552546,0.34326491339,0.313929534064
15587,0.344535761724,0.343019814657,0.312444423619
1563,0.341678500022,0.341021584454,0.317299915525
8252,0.342014694463,0.340980827772,0.317004477765
17802,0.343316124026,0.338517854759,0.318166021214
2738,0.344809460351,0.341255589214,0.313934950435
9896,0.34577676332,0.341775517366,0.312447719314
14609,0.35104379857,0.345405161822,0.303551039608
10463,0.347270125555,0.348466585731,0.304263288713
1280,0.345497806552,0.343759227183,0.310742966266
977,0.338662135794,0.33463329087,0.326704573335
979,0.340953587389,0.341940170663,0.317106241948
10908,0.348268780694,0.347467757875,0.304263461431
12569,0.338604763051,0.340970211898,0.320425025051
6078,0.343316124026,0.338517854759,0.318166021214
18339,0.348336065472,0.347400524177,0.304263410351
13799,0.339160316931,0.334137293135,0.326702389934
7193,0.343316124026,0.338517854759,0.318166021214
8243,0.3458291152,0.341810499065,0.312360385735
13622,0.35393377384,0.342609624503,0.303456601657
5885,0.349446022279,0.346605339704,0.303948638017
5768,0.341891324234,0.341002391296,0.31710628447
632,0.340643947683,0.348112872426,0.311243179891
3314,0.352912186265,0.342919563916,0.304168249818
3664,0.344980182137,0.342748952242,0.312270865621
18518,0.34577676332,0.341775517366,0.312447719314
7687,0.348268780694,0.347467757875,0.304263461431
17889,0.345604716271,0.34116238307,0.313232900659
12943,0.341304895004,0.343350234321,0.315344870675
3581,0.34577676332,0.341775517366,0.312447719314
13802,0.350332091938,0.3493656289,0.300302279162
17702,0.34492892801,0.341174727672,0.313896344318
12342,0.350404617875,0.346353776346,0.303241605779
11185,0.354095533788,0.342059170372,0.30384529584
15675,0.34577676332,0.341775517366,0.312447719314
6716,0.341768690794,0.336727976048,0.321503333158
17790,0.348268780694,0.347467757875,0.304263461431
17791,0.345092560021,0.341238943667,0.313668496311
6145,0.348268780694,0.347467757875,0.304263461431
18237,0.34492892801,0.341174727672,0.313896344318
10523,0.344940475964,0.338761211623,0.316298312413
4356,0.34492892801,0.341174727672,0.313896344318
7482,0.349373979525,0.346677208461,0.303948812014
5856,0.345290550956,0.341459684694,0.313249764349
5011,0.34244158464,0.339124556691,0.318433858669
15872,0.35191505126,0.343908883349,0.30417606539
6609,0.342262260733,0.346847776087,0.31088996318
995,0.341891324234,0.341002391296,0.31710628447
4680,0.352614230905,0.347399997833,0.299985771262
18327,0.344980182137,0.342748952242,0.312270865621
8484,0.350498702992,0.349199179802,0.300302117205
16968,0.34527904013,0.341452472719,0.313268487151
8305,0.348268780694,0.347467757875,0.304263461431
7012,0.348268780694,0.347467757875,0.304263461431
13465,0.341678500022,0.341021584454,0.317299915525
8375,0.352912186265,0.342919563916,0.304168249818
15629,0.34492892801,0.341174727672,0.313896344318
12296,0.348268780694,0.347467757875,0.304263461431
458,0.341113766917,0.336330427152,0.322555805931
18124,0.341678500022,0.341021584454,0.317299915525
4430,0.336629817367,0.33491518675,0.328454995883
14443,0.34527904013,0.341452472719,0.313268487151
15275,0.342014694463,0.340980827772,0.317004477765
4470,0.344486323706,0.338172427508,0.317341248786
13831,0.348268780694,0.347467757875,0.304263461431
7696,0.34527904013,0.341452472719,0.313268487151
15172,0.34492892801,0.341174727672,0.313896344318
16647,0.340671982065,0.343851289477,0.315476728458
14209,0.340643947683,0.348112872426,0.311243179891
18121,0.348124026992,0.347612428506,0.304263544502
12144,0.348268780694,0.347467757875,0.304263461431
800,0.348268780694,0.347467757875,0.304263461431
13200,0.340539429782,0.334914102931,0.324546467288
5724,0.33947451967,0.34036523705,0.320160243279
15722,0.341411661072,0.337017386619,0.321570952309
6660,0.348336065472,0.347400524177,0.304263410351
8394,0.348268780694,0.347467757875,0.304263461431
5554,0.346158255222,0.340839074905,0.313002669873
10381,0.342014694463,0.340980827772,0.317004477765
15783,0.348124026992,0.347612428506,0.304263544502
10907,0.347350049962,0.340785912268,0.311864037771
11455,0.349011148392,0.346799843748,0.30418900786
5992,0.341678500022,0.341021584454,0.317299915525
16564,0.338604763051,0.340970211898,0.320425025051
7933,0.343377695313,0.3461588152,0.310463489488
16008,0.352701557759,0.347001780538,0.300296661703
7265,0.34169261691,0.341700653578,0.316606729512
11095,0.348268780694,0.347467757875,0.304263461431
2181,0.342552594027,0.340412982716,0.317034423257
8845,0.341481379925,0.340601977026,0.317916643049
13617,0.348103147197,0.347633299341,0.304263553462
17228,0.34527904013,0.341452472719,0.313268487151
16321,0.351982550145,0.343841859275,0.30417559058
14851,0.34527904013,0.341452472719,0.313268487151
9613,0.348268780694,0.347467757875,0.304263461431
3121,0.345963792353,0.340807176372,0.313229031275
4840,0.347198241585,0.348538549494,0.304263208921
18216,0.342517481256,0.338629513703,0.318853005041
17113,0.344670078136,0.339527952543,0.31580196932
4775,0.341891324234,0.341002391296,0.31710628447
14105,0.34527904013,0.341452472719,0.313268487151
4993,0.341427983485,0.343328451802,0.315243564713
8901,0.34492892801,0.341174727672,0.313896344318
15443,0.351619840603,0.348417410125,0.299962749272
435,0.348268780694,0.347467757875,0.304263461431
4595,0.341678500022,0.341021584454,0.317299915525
14503,0.349446022279,0.346605339704,0.303948638017
2191,0.34492892801,0.341174727672,0.313896344318
2163,0.342014694463,0.340980827772,0.317004477765
9987,0.348268780694,0.347467757875,0.304263461431
16234,0.341113766917,0.336330427152,0.322555805931
3834,0.338604763051,0.340970211898,0.320425025051
13133,0.348336065472,0.347400524177,0.304263410351
13909,0.341113766917,0.336330427152,0.322555805931
9952,0.342724046269,0.336519921352,0.320756032378
3666,0.349446022279,0.346605339704,0.303948638017
6072,0.341481379925,0.340601977026,0.317916643049
2936,0.338604763051,0.340970211898,0.320425025051
6497,0.342884855871,0.343830185795,0.313284958333
5645,0.347272545354,0.348464163404,0.304263291242
15476,0.34527904013,0.341452472719,0.313268487151
8472,0.348268780694,0.347467757875,0.304263461431
15687,0.347270125555,0.348466585731,0.304263288713
10682,0.351518186868,0.347869973114,0.300611840018
10772,0.354095533788,0.342059170372,0.30384529584
8156,0.341678500022,0.341021584454,0.317299915525
10436,0.34492892801,0.341174727672,0.313896344318
16827,0.348268780694,0.347467757875,0.304263461431
12299,0.341678500022,0.341021584454,0.317299915525
9258,0.337140271046,0.342600667049,0.320259061904
4759,0.348268780694,0.347467757875,0.304263461431
8989,0.352614230905,0.347399997833,0.299985771262
14823,0.352912186265,0.342919563916,0.304168249818
17270,0.34492892801,0.341174727672,0.313896344318
2005,0.34527904013,0.341452472719,0.313268487151
15757,0.35041972627,0.348966027485,0.300614246245
14476,0.348268780694,0.347467757875,0.304263461431
17243,0.33800846887,0.341995028278,0.319996502852
3908,0.343396200841,0.338518900851,0.318084898308
781,0.341891324234,0.341002391296,0.31710628447
5398,0.341113766917,0.336330427152,0.322555805931
2687,0.338508457753,0.337915878923,0.323575663324
5017,0.341891324234,0.341002391296,0.31710628447
140,0.341664072096,0.340699656869,0.317636271035
14897,0.342014694463,0.340980827772,0.317004477765
1487,0.34527904013,0.341452472719,0.313268487151
18371,0.352912186265,0.342919563916,0.304168249818
10170,0.341891324234,0.341002391296,0.31710628447
3464,0.344980182137,0.342748952242,0.312270865621
1535,0.341664072096,0.340699656869,0.317636271035
1442,0.346366676999,0.34111883271,0.312514490291
7249,0.344980182137,0.342748952242,0.312270865621
17510,0.34169261691,0.341700653578,0.316606729512
418,0.352912186265,0.342919563916,0.304168249818
16274,0.342552594027,0.340412982716,0.317034423257
12497,0.342262260733,0.346847776087,0.31088996318
17309,0.343384613242,0.333900409897,0.322714976862
3891,0.340953587389,0.341940170663,0.317106241948
8437,0.348268780694,0.347467757875,0.304263461431
9950,0.34577676332,0.341775517366,0.312447719314
5316,0.338389123719,0.335520437587,0.326090438694
12979,0.348268780694,0.347467757875,0.304263461431
14648,0.341113766917,0.336330427152,0.322555805931
8194,0.341481379925,0.340601977026,0.317916643049
10386,0.341678500022,0.341021584454,0.317299915525
12749,0.340741130032,0.341959198949,0.317299671019
16508,0.354095533788,0.342059170372,0.30384529584
16386,0.348268780694,0.347467757875,0.304263461431
12933,0.341113766917,0.336330427152,0.322555805931
2830,0.34577676332,0.341775517366,0.312447719314
11528,0.348268780694,0.347467757875,0.304263461431
15904,0.348268780694,0.347467757875,0.304263461431
16390,0.341962610863,0.340950471397,0.317086917739
14036,0.348268780694,0.347467757875,0.304263461431
17215,0.348268780694,0.347467757875,0.304263461431
14404,0.348268780694,0.347467757875,0.304263461431
12101,0.341678500022,0.341021584454,0.317299915525
10812,0.34169261691,0.341700653578,0.316606729512
4374,0.348268780694,0.347467757875,0.304263461431
9719,0.34527904013,0.341452472719,0.313268487151
8520,0.341678500022,0.341021584454,0.317299915525
15621,0.34492892801,0.341174727672,0.313896344318
7173,0.341749762481,0.340969681792,0.317280555727
7544,0.341826965795,0.341331066822,0.316841967383
7253,0.341113766917,0.336330427152,0.322555805931
16731,0.338283639446,0.341647446685,0.320068913869
17278,0.341456102201,0.33714572126,0.32139817654
16327,0.350586297703,0.348799687887,0.30061401441
15845,0.357827722718,0.342232795336,0.299939481946
6750,0.343316124026,0.338517854759,0.318166021214
7674,0.339581282003,0.333974255487,0.32644446251
17416,0.347863978343,0.341883361078,0.310252660578
9050,0.341304895004,0.343350234321,0.315344870675
8931,0.338662135794,0.33463329087,0.326704573335
13146,0.33947451967,0.34036523705,0.320160243279
11584,0.347410108214,0.34832647367,0.304263418116
8322,0.348268780694,0.347467757875,0.304263461431
16067,0.337351861281,0.342583002506,0.320065136212
11438,0.34527904013,0.341452472719,0.313268487151
677,0.34577676332,0.341775517366,0.312447719314
7475,0.350775073093,0.348948675641,0.300276251266
13400,0.34527904013,0.341452472719,0.313268487151
10255,0.347410108214,0.34832647367,0.304263418116
17987,0.350586297703,0.348799687887,0.30061401441
13651,0.341678500022,0.341021584454,0.317299915525
8226,0.35143081457,0.348268851348,0.300300334081
7643,0.341475842805,0.341378500067,0.317145657129
10318,0.34244158464,0.339124556691,0.318433858669
12382,0.34616398193,0.34060353135,0.31323248672
2912,0.335765851132,0.335508977736,0.328725171132
2254,0.341678500022,0.341021584454,0.317299915525
13110,0.339581282003,0.333974255487,0.32644446251
8355,0.341678500022,0.341021584454,0.317299915525
10753,0.351117947405,0.345013269189,0.303868783406
17974,0.34244158464,0.339124556691,0.318433858669
7588,0.34527904013,0.341452472719,0.313268487151
3209,0.341891324234,0.341002391296,0.31710628447
16325,0.351982550145,0.343841859275,0.30417559058
12009,0.34527904013,0.341452472719,0.313268487151
7141,0.34527904013,0.341452472719,0.313268487151
7584,0.341113766917,0.336330427152,0.322555805931
171,0.349446022279,0.346605339704,0.303948638017
14412,0.34527904013,0.341452472719,0.313268487151
16111,0.349446022279,0.346605339704,0.303948638017
17959,0.352701557759,0.347001780538,0.300296661703
401,0.34527904013,0.341452472719,0.313268487151
16571,0.34492892801,0.341174727672,0.313896344318
3294,0.341427983485,0.343328451802,0.315243564713
16220,0.343316124026,0.338517854759,0.318166021214
2404,0.348268780694,0.347467757875,0.304263461431
11002,0.348126448602,0.347610007984,0.304263543413
372,0.341304895004,0.343350234321,0.315344870675
15477,0.341891324234,0.341002391296,0.31710628447
41,0.348268780694,0.347467757875,0.304263461431
8671,0.348268780694,0.347467757875,0.304263461431
8129,0.341113766917,0.336330427152,0.322555805931
14683,0.35143081457,0.348268851348,0.300300334081
9873,0.352699308718,0.343130628681,0.304170062601
13577,0.352912186265,0.342919563916,0.304168249818
16132,0.348268780694,0.347467757875,0.304263461431
10100,0.342014694463,0.340980827772,0.317004477765
5629,0.34527904013,0.341452472719,0.313268487151
16618,0.342517481256,0.338629513703,0.318853005041
16876,0.337140271046,0.342600667049,0.320259061904
16036,0.352912186265,0.342919563916,0.304168249818
9322,0.341678500022,0.341021584454,0.317299915525
8549,0.348268780694,0.347467757875,0.304263461431
18132,0.352912186265,0.342919563916,0.304168249818
13487,0.340539429782,0.334914102931,0.324546467288
6904,0.340953587389,0.341940170663,0.317106241948
2799,0.34492892801,0.341174727672,0.313896344318
9694,0.342179222568,0.342738668048,0.315082109384
4417,0.34492892801,0.341174727672,0.313896344318
1494,0.341891324234,0.341002391296,0.31710628447
13929,0.340338036991,0.341001207958,0.31866075505
6530,0.341957598158,0.340640434235,0.317401967607
2483,0.342014694463,0.340980827772,0.317004477765
3301,0.347272545354,0.348464163404,0.304263291242
11323,0.351518186868,0.347869973114,0.300611840018
1237,0.345290550956,0.341459684694,0.313249764349
1747,0.341304895004,0.343350234321,0.315344870675
2655,0.342262260733,0.346847776087,0.31088996318
16310,0.34492892801,0.341174727672,0.313896344318
4173,0.349446022279,0.346605339704,0.303948638017
17613,0.349636036052,0.346755227264,0.303608736684
18062,0.348268780694,0.347467757875,0.304263461431
4109,0.348268780694,0.347467757875,0.304263461431
15881,0.348268780694,0.347467757875,0.304263461431
17020,0.348268780694,0.347467757875,0.304263461431
7642,0.342026213461,0.340988146428,0.31698564011
9464,0.34527904013,0.341452472719,0.313268487151
22,0.352912186265,0.342919563916,0.304168249818
16394,0.34577676332,0.341775517366,0.312447719314
12854,0.341304895004,0.343350234321,0.315344870675
5073,0.344980182137,0.342748952242,0.312270865621
2069,0.34527904013,0.341452472719,0.313268487151
8545,0.349446022279,0.346605339704,0.303948638017
10775,0.342607854257,0.338701816155,0.318690329588
9744,0.347339771482,0.348396871132,0.304263357386
17138,0.342179222568,0.342738668048,0.315082109384
16619,0.349948907694,0.346495722352,0.303555369954
195,0.345963792353,0.340807176372,0.313229031275
10258,0.34527904013,0.341452472719,0.313268487151
4347,0.343641146326,0.333290826148,0.323068027526
17587,0.341629465064,0.336179349303,0.322191185633
3019,0.345251479188,0.342222589987,0.312525930825
18552,0.348268780694,0.347467757875,0.304263461431
13223,0.347239355121,0.340165646058,0.312594998822
7856,0.354089302339,0.34206533671,0.303845360951
9830,0.348268780694,0.347467757875,0.304263461431
10965,0.349446022279,0.346605339704,0.303948638017
4677,0.342378156638,0.339452447446,0.318169395916
12176,0.33885281441,0.336808628429,0.324338557161
15210,0.341468416697,0.340770048108,0.317761535194
3764,0.352912186265,0.342919563916,0.304168249818
16846,0.342262260733,0.346847776087,0.31088996318
771,0.344980182137,0.342748952242,0.312270865621
13019,0.338604763051,0.340970211898,0.320425025051
252,0.34492892801,0.341174727672,0.313896344318
11064,0.351305539894,0.344441161803,0.304253298303
18221,0.342014694463,0.340980827772,0.317004477765
11502,0.345963792353,0.340807176372,0.313229031275
14392,0.349446022279,0.346605339704,0.303948638017
9541,0.342786658939,0.33591540545,0.321297935611
3206,0.34527904013,0.341452472719,0.313268487151
1994,0.341113766917,0.336330427152,0.322555805931
17294,0.341818972221,0.341051410744,0.317129617035
344,0.350968996895,0.345161447151,0.303869555953
15404,0.352912186265,0.342919563916,0.304168249818
521,0.349375538871,0.346675652786,0.303948808343
876,0.348268780694,0.347467757875,0.304263461431
7671,0.342695047219,0.340338482837,0.316966469944
3351,0.348268780694,0.347467757875,0.304263461431
11771,0.352912186265,0.342919563916,0.304168249818
1511,0.341113766917,0.336330427152,0.322555805931
9265,0.352636632212,0.347714287485,0.299649080303
7982,0.352701557759,0.347001780538,0.300296661703
14175,0.341822506406,0.349574105325,0.308603388269
10039,0.340953587389,0.341940170663,0.317106241948
14091,0.342495198041,0.342238960111,0.315265841848
16518,0.351518186868,0.347869973114,0.300611840018
10022,0.34527904013,0.341452472719,0.313268487151
11564,0.337185683716,0.335850742256,0.326963574028
7125,0.352614230905,0.347399997833,0.299985771262
13985,0.348268780694,0.347467757875,0.304263461431
16442,0.352912186265,0.342919563916,0.304168249818
8894,0.351982550145,0.343841859275,0.30417559058
12070,0.341664072096,0.340699656869,0.317636271035
5222,0.349446022279,0.346605339704,0.303948638017
5035,0.341678500022,0.341021584454,0.317299915525
11720,0.349373113881,0.34667807207,0.303948814049
2902,0.344980182137,0.342748952242,0.312270865621
16663,0.34527904013,0.341452472719,0.313268487151
5322,0.347877176879,0.340086124224,0.312036698897
18013,0.33947451967,0.34036523705,0.320160243279
7204,0.352844635448,0.342986531022,0.30416883353
5241,0.34244158464,0.339124556691,0.318433858669
10289,0.341304895004,0.343350234321,0.315344870675
2841,0.34527904013,0.341452472719,0.313268487151
799,0.349446022279,0.346605339704,0.303948638017
1913,0.340028656837,0.333541652278,0.326429690885
4910,0.340953587389,0.341940170663,0.317106241948
451,0.342922811247,0.338945562408,0.318131626345
10840,0.344980182137,0.342748952242,0.312270865621
15308,0.341206108063,0.341534858273,0.317259033664
10669,0.341113766917,0.336330427152,0.322555805931
9628,0.349938459517,0.345875072887,0.304186467596
1010,0.346131700927,0.342866499622,0.311001799451
11501,0.343119925186,0.341798295208,0.315081779606
12727,0.347177378735,0.348559437197,0.304263184068
13407,0.348124026992,0.347612428506,0.304263544502
11481,0.342695047219,0.340338482837,0.316966469944
7183,0.341504617611,0.340059441307,0.318435941082
1066,0.352912186265,0.342919563916,0.304168249818
4010,0.347272545354,0.348464163404,0.304263291242
13436,0.342014694463,0.340980827772,0.317004477765
13848,0.348268780694,0.347467757875,0.304263461431
15025,0.34527904013,0.341452472719,0.313268487151
3313,0.342922811247,0.338945562408,0.318131626345
13580,0.351518186868,0.347869973114,0.300611840018
14183,0.345963792353,0.340807176372,0.313229031275
11433,0.348336065472,0.347400524177,0.304263410351
9442,0.339997731855,0.342725634232,0.317276633913
15,0.348268780694,0.347467757875,0.304263461431
10817,0.352912186265,0.342919563916,0.304168249818
330,0.349446022279,0.346605339704,0.303948638017
17999,0.354095533788,0.342059170372,0.30384529584
6883,0.338508457753,0.337915878923,0.323575663324
7946,0.343196457717,0.341218540345,0.315585001938
2122,0.348268780694,0.347467757875,0.304263461431
16053,0.350586297703,0.348799687887,0.30061401441
889,0.349435142901,0.346616192226,0.303948664872
3521,0.34577676332,0.341775517366,0.312447719314
18229,0.343361304489,0.339561886112,0.317076809398
11922,0.353662193605,0.345736605938,0.300601200457
2870,0.352912186265,0.342919563916,0.304168249818
4093,0.341113766917,0.336330427152,0.322555805931
283,0.345251479188,0.342222589987,0.312525930825
10344,0.352891215368,0.347149747747,0.299959036885
531,0.348053646255,0.347682782087,0.304263571658
2710,0.348268780694,0.347467757875,0.304263461431
8826,0.340067246792,0.340848324148,0.31908442906
10484,0.348268780694,0.347467757875,0.304263461431
12881,0.34244158464,0.339124556691,0.318433858669
5013,0.34169261691,0.341700653578,0.316606729512
1189,0.341664072096,0.340699656869,0.317636271035
7899,0.34951339666,0.346538136217,0.303948467123
12413,0.34527904013,0.341452472719,0.313268487151
11046,0.345290550956,0.341459684694,0.313249764349
5834,0.341304895004,0.343350234321,0.315344870675
14782,0.344517596535,0.340127277878,0.315355125587
9994,0.344670078136,0.339527952543,0.31580196932
147,0.341678500022,0.341021584454,0.317299915525
2152,0.347272545354,0.348464163404,0.304263291242
3478,0.341113766917,0.336330427152,0.322555805931
8873,0.341700920324,0.336234762108,0.322064317568
5577,0.341678500022,0.341021584454,0.317299915525
12729,0.341304895004,0.343350234321,0.315344870675
11488,0.350498702992,0.349199179802,0.300302117205
17901,0.34309850361,0.340654057667,0.316247438723
650,0.34492892801,0.341174727672,0.313896344318
3127,0.352844635448,0.342986531022,0.30416883353
3761,0.341917292197,0.346567755308,0.311514952495
16587,0.341678500022,0.341021584454,0.317299915525
11773,0.342922811247,0.338945562408,0.318131626345
11000,0.350332091938,0.3493656289,0.300302279162
10785,0.345604716271,0.34116238307,0.313232900659
2280,0.342901247213,0.342926994722,0.314171758066
13306,0.34527904013,0.341452472719,0.313268487151
14185,0.352912186265,0.342919563916,0.304168249818
18326,0.34492892801,0.341174727672,0.313896344318
2544,0.354848327725,0.344869408477,0.300282263797
6979,0.34577676332,0.341775517366,0.312447719314
50,0.342475630815,0.348088699369,0.309435669816
11525,0.339229609537,0.34430048899,0.316469901474
13479,0.338604763051,0.340970211898,0.320425025051
8865,0.34527904013,0.341452472719,0.313268487151
14822,0.34492892801,0.341174727672,0.313896344318
9763,0.351518186868,0.347869973114,0.300611840018
2129,0.348268780694,0.347467757875,0.304263461431
13332,0.346178582011,0.342087221088,0.311734196901
7082,0.352912186265,0.342919563916,0.304168249818
7783,0.341682529836,0.336215077572,0.322102392592
7202,0.351518186868,0.347869973114,0.300611840018
18223,0.341957598158,0.340640434235,0.317401967607
6631,0.344980182137,0.342748952242,0.312270865621
14666,0.354095533788,0.342059170372,0.30384529584
4432,0.34616398193,0.34060353135,0.31323248672
6566,0.34527904013,0.341452472719,0.313268487151
11828,0.34244158464,0.339124556691,0.318433858669
3485,0.341089921808,0.341004262732,0.31790581546
17499,0.348289095773,0.348152939545,0.303557964682
5855,0.344732522108,0.341246324877,0.314021153015
15165,0.351039581097,0.34509122425,0.303869194653
4574,0.344211247492,0.342416566757,0.313372185751
9316,0.344980182137,0.342748952242,0.312270865621
17011,0.351518186868,0.347869973114,0.300611840018
12002,0.345290550956,0.341459684694,0.313249764349
17674,0.342014694463,0.340980827772,0.317004477765
232,0.348268780694,0.347467757875,0.304263461431
5584,0.349446022279,0.346605339704,0.303948638017
18310,0.342695047219,0.340338482837,0.316966469944
5677,0.338604763051,0.340970211898,0.320425025051
18145,0.348124026992,0.347612428506,0.304263544502
3086,0.349446022279,0.346605339704,0.303948638017
15184,0.338417572917,0.340200440531,0.321381986553
16348,0.347270125555,0.348466585731,0.304263288713
17675,0.35191505126,0.343908883349,0.30417606539
3074,0.348268780694,0.347467757875,0.304263461431
3355,0.34527904013,0.341452472719,0.313268487151
9764,0.344635854911,0.336958285901,0.318405859187
4951,0.341113766917,0.336330427152,0.322555805931
11942,0.352701557759,0.347001780538,0.300296661703
3983,0.344980182137,0.342748952242,0.312270865621
3344,0.34492892801,0.341174727672,0.313896344318
8511,0.341678500022,0.341021584454,0.317299915525
14693,0.350498702992,0.349199179802,0.300302117205
16480,0.341891324234,0.341002391296,0.31710628447
13782,0.350332091938,0.3493656289,0.300302279162
4869,0.34951339666,0.346538136217,0.303948467123
1459,0.34527904013,0.341452472719,0.313268487151
10674,0.341113766917,0.336330427152,0.322555805931
16104,0.354089302339,0.34206533671,0.303845360951
16927,0.350586297703,0.348799687887,0.30061401441
11812,0.343316124026,0.338517854759,0.318166021214
12488,0.342738532023,0.343381240116,0.313880227861
6612,0.348268780694,0.347467757875,0.304263461431
10000,0.349375538871,0.346675652786,0.303948808343
10605,0.355540032078,0.341021353012,0.30343861491
18523,0.34951339666,0.346538136217,0.303948467123
11708,0.34527904013,0.341452472719,0.313268487151
12948,0.34527904013,0.341452472719,0.313268487151
7825,0.350729615367,0.348656607786,0.300613776847
14772,0.349446022279,0.346605339704,0.303948638017
15734,0.34577676332,0.341775517366,0.312447719314
17023,0.333865307091,0.330299714659,0.335834978249
15114,0.349871076807,0.345942220571,0.304186702622
4467,0.341113766917,0.336330427152,0.322555805931
16520,0.34527904013,0.341452472719,0.313268487151
17367,0.349446022279,0.346605339704,0.303948638017
4580,0.34527904013,0.341452472719,0.313268487151
6154,0.351518186868,0.347869973114,0.300611840018
1088,0.340829369199,0.336836259211,0.32233437159
15595,0.341891324234,0.341002391296,0.31710628447
10063,0.349373113881,0.34667807207,0.303948814049
7395,0.34577676332,0.341775517366,0.312447719314
2509,0.344980182137,0.342748952242,0.312270865621
15619,0.349861755704,0.345951509784,0.304186734512
10987,0.34169261691,0.341700653578,0.316606729512
4564,0.341113766917,0.336330427152,0.322555805931
17483,0.350377218508,0.345364673826,0.304258107665
16410,0.341678500022,0.341021584454,0.317299915525
14723,0.344980182137,0.342748952242,0.312270865621
1036,0.345205704426,0.335829953721,0.318964341853
4405,0.352912186265,0.342919563916,0.304168249818
7491,0.342049112082,0.336504119429,0.321446768489
14451,0.341682529836,0.336215077572,0.322102392592
18335,0.343316124026,0.338517854759,0.318166021214
15069,0.343316124026,0.338517854759,0.318166021214
2328,0.342695047219,0.340338482837,0.316966469944
17635,0.343316124026,0.338517854759,0.318166021214
16784,0.348268780694,0.347467757875,0.304263461431
230,0.347410108214,0.34832647367,0.304263418116
8896,0.343190109213,0.341027722614,0.315782168173
14835,0.34370238254,0.343945248934,0.312352368525
9983,0.35268205425,0.347332480845,0.299985464905
12133,0.346034355365,0.340861580061,0.313104064574
10893,0.35191505126,0.343908883349,0.30417606539
10904,0.345963792353,0.340807176372,0.313229031275
3087,0.345604716271,0.34116238307,0.313232900659
1254,0.34951339666,0.346538136217,0.303948467123
3402,0.335765851132,0.335508977736,0.328725171132
16362,0.34244158464,0.339124556691,0.318433858669
14681,0.3527286366,0.346664566055,0.300606797345
16420,0.341664072096,0.340699656869,0.317636271035
1559,0.348195969315,0.347540522891,0.304263507793
8700,0.348268780694,0.347467757875,0.304263461431
15452,0.34577676332,0.341775517366,0.312447719314
13565,0.3527286366,0.346664566055,0.300606797345
628,0.341891324234,0.341002391296,0.31710628447
5344,0.341678500022,0.341021584454,0.317299915525
15163,0.34527904013,0.341452472719,0.313268487151
10766,0.346034355365,0.340861580061,0.313104064574
16380,0.344211247492,0.342416566757,0.313372185751
7770,0.34527904013,0.341452472719,0.313268487151
5412,0.34577676332,0.341775517366,0.312447719314
12885,0.345963792353,0.340807176372,0.313229031275
11332,0.352912186265,0.342919563916,0.304168249818
17718,0.342014694463,0.340980827772,0.317004477765
2780,0.352701557759,0.347001780538,0.300296661703
7411,0.348268780694,0.347467757875,0.304263461431
4038,0.34577676332,0.341775517366,0.312447719314
219,0.340953587389,0.341940170663,0.317106241948
382,0.348268780694,0.347467757875,0.304263461431
5134,0.338369175504,0.342974927246,0.31865589725
8782,0.340781459496,0.343009302211,0.316209238293
13297,0.34527904013,0.341452472719,0.313268487151
5655,0.341678500022,0.341021584454,0.317299915525
12,0.345963792353,0.340807176372,0.313229031275
18437,0.354095533788,0.342059170372,0.30384529584
15061,0.349446022279,0.346605339704,0.303948638017
17179,0.342128441728,0.339635221063,0.318236337209
15394,0.341113766917,0.336330427152,0.322555805931
13302,0.34527904013,0.341452472719,0.313268487151
16908,0.350586297703,0.348799687887,0.30061401441
11829,0.342014694463,0.340980827772,0.317004477765
18236,0.338604763051,0.340970211898,0.320425025051
14617,0.34577676332,0.341775517366,0.312447719314
1837,0.352701557759,0.347001780538,0.300296661703
13734,0.341401650782,0.341464346677,0.31713400254
14894,0.344980182137,0.342748952242,0.312270865621
12703,0.350332091938,0.3493656289,0.300302279162
17190,0.340171379428,0.345978905646,0.313849714926
14704,0.33947451967,0.34036523705,0.320160243279
11412,0.348268780694,0.347467757875,0.304263461431
8880,0.337140271046,0.342600667049,0.320259061904
10855,0.341113766917,0.336330427152,0.322555805931
2636,0.340950699624,0.339513955698,0.319535344678
15890,0.345963792353,0.340807176372,0.313229031275
11288,0.354095533788,0.342059170372,0.30384529584
2037,0.341612451697,0.341755613179,0.316631935124
13921,0.348268780694,0.347467757875,0.304263461431
5640,0.341089921808,0.341004262732,0.31790581546
11354,0.340953587389,0.341940170663,0.317106241948
17161,0.342695047219,0.340338482837,0.316966469944
14317,0.348268780694,0.347467757875,0.304263461431
13513,0.345093437183,0.341092746216,0.313813816602
18208,0.338649591075,0.342022076869,0.319328332056
2020,0.351707426371,0.348018526473,0.300274047156
4801,0.341664072096,0.340699656869,0.317636271035
12728,0.35393377384,0.342609624503,0.303456601657
9614,0.34492892801,0.341174727672,0.313896344318
1259,0.343526843373,0.338799660978,0.317673495648
9799,0.349446022279,0.346605339704,0.303948638017
595,0.341678500022,0.341021584454,0.317299915525
13916,0.34527904013,0.341452472719,0.313268487151
2072,0.337140271046,0.342600667049,0.320259061904
3373,0.348268780694,0.347467757875,0.304263461431
9684,0.348268780694,0.347467757875,0.304263461431
9159,0.344222446896,0.339158867693,0.316618685411
13478,0.341545230371,0.340779902082,0.317674867548
14729,0.34616398193,0.34060353135,0.31323248672
10918,0.34527904013,0.341452472719,0.313268487151
11611,0.345604716271,0.34116238307,0.313232900659
17819,0.341768690794,0.336727976048,0.321503333158
17274,0.341678500022,0.341021584454,0.317299915525
253,0.343316124026,0.338517854759,0.318166021214
10504,0.342014694463,0.340980827772,0.317004477765
13012,0.342922811247,0.338945562408,0.318131626345
15828,0.352912186265,0.342919563916,0.304168249818
18056,0.347270125555,0.348466585731,0.304263288713
11009,0.351518186868,0.347869973114,0.300611840018
13653,0.348268780694,0.347467757875,0.304263461431
8329,0.341113766917,0.336330427152,0.322555805931
156,0.34577676332,0.341775517366,0.312447719314
18014,0.347410108214,0.34832647367,0.304263418116
2014,0.345981528415,0.341850582743,0.312167888842
1122,0.341481379925,0.340601977026,0.317916643049
17329,0.34492892801,0.341174727672,0.313896344318
2877,0.350498702992,0.349199179802,0.300302117205
10125,0.337351861281,0.342583002506,0.320065136212
5972,0.346034355365,0.340861580061,0.313104064574
4957,0.344123620475,0.340816053101,0.315060326424
8501,0.340741130032,0.341959198949,0.317299671019
18417,0.33947451967,0.34036523705,0.320160243279
4012,0.354823203846,0.345205022072,0.299971774082
13575,0.348124026992,0.347612428506,0.304263544502
14546,0.34577676332,0.341775517366,0.312447719314
12403,0.348268780694,0.347467757875,0.304263461431
236,0.348268780694,0.347467757875,0.304263461431
15805,0.341629465064,0.336179349303,0.322191185633
1052,0.342765708799,0.340393571674,0.316840719526
15084,0.346026045421,0.341138999714,0.312834954865
11239,0.34453183463,0.34287538579,0.31259277958
6191,0.349446022279,0.346605339704,0.303948638017
11792,0.342014694463,0.340980827772,0.317004477765
16090,0.34577676332,0.341775517366,0.312447719314
8843,0.349364660153,0.346686505986,0.303948833862
12914,0.34951339666,0.346538136217,0.303948467123
8345,0.347239355121,0.340165646058,0.312594998822
16801,0.342014694463,0.340980827772,0.317004477765
14459,0.341113766917,0.336330427152,0.322555805931
13139,0.348268780694,0.347467757875,0.304263461431
7026,0.34527904013,0.341452472719,0.313268487151
6008,0.341304895004,0.343350234321,0.315344870675
18090,0.35191505126,0.343908883349,0.30417606539
18514,0.348268780694,0.347467757875,0.304263461431
267,0.341678500022,0.341021584454,0.317299915525
9410,0.350586297703,0.348799687887,0.30061401441
1202,0.349446022279,0.346605339704,0.303948638017
4346,0.34527904013,0.341452472719,0.313268487151
3589,0.348268780694,0.347467757875,0.304263461431
6613,0.345725342684,0.341881273131,0.312393384185
10139,0.34577676332,0.341775517366,0.312447719314
554,0.339229609537,0.34430048899,0.316469901474
13876,0.359377249671,0.341005430963,0.299617319366
8173,0.341678500022,0.341021584454,0.317299915525
15205,0.348124026992,0.347612428506,0.304263544502
