id,predict_0,predict_1,predict_2
11066,0.903375067032,0.0914546918146,0.00517024115334
18000,0.312454285358,0.118479477387,0.569066237256
16964,0.921463100651,0.0744734481188,0.00406345123034
4795,0.620048505872,0.3659723648,0.0139791293281
3392,0.228548225213,0.723364638102,0.0480871366849
3795,0.365712665298,0.617719581747,0.0165677529551
2881,0.868476110058,0.126136977956,0.00538691198587
1903,0.136682772207,0.0823785988021,0.780938628991
5245,0.923101519992,0.0674510418916,0.00944743811649
6726,0.864414753486,0.130604318042,0.00498092847199
1311,0.882240931316,0.114057171574,0.00370189711019
15795,0.673617280387,0.318233107119,0.00814961249403
4315,0.834574614539,0.145925541373,0.0194998440885
3393,0.31328919689,0.127546938466,0.559163864644
6764,0.766758576806,0.209636155755,0.0236052674394
13039,0.673617280387,0.318233107119,0.00814961249403
12331,0.795740074003,0.109018461281,0.0952414647161
14276,0.571864689864,0.386595711954,0.0415395981821
14638,0.673617280387,0.318233107119,0.00814961249403
6573,0.940013517138,0.0565792231124,0.00340725974969
2222,0.317484631094,0.120386933171,0.562128435735
8824,0.953872671099,0.0433067218022,0.00282060709871
6360,0.501746122338,0.455562641743,0.0426912359191
7553,0.314153064223,0.112213558608,0.573633377169
13760,0.349452459579,0.566719289072,0.0838282513493
4284,0.566961173512,0.391855414135,0.0411834123526
1356,0.86125505479,0.114788083641,0.0239568615692
3410,0.927083092513,0.0648697474384,0.00804716004838
4830,0.448269749019,0.498938880684,0.0527913702967
8998,0.331584956441,0.634546743754,0.0338682998055
18052,0.933186993541,0.0633561422905,0.00345686416895
7539,0.916898899965,0.078626238711,0.00447486132374
9529,0.927083092513,0.0648697474384,0.00804716004838
3656,0.882680976417,0.0981236454396,0.0191953781432
14238,0.757085500327,0.211068925315,0.0318455743581
2682,0.540053428112,0.453135620135,0.00681095175298
7312,0.805394335961,0.15350561117,0.0411000528686
12971,0.708708183027,0.279266498933,0.0120253180403
10735,0.673617280387,0.318233107119,0.00814961249403
4050,0.672653679257,0.303023524513,0.0243227962301
5943,0.673617280387,0.318233107119,0.00814961249403
6482,0.607261414075,0.382464006284,0.0102745796408
9746,0.317484631094,0.120386933171,0.562128435735
13320,0.213683504255,0.083406348248,0.702910147497
803,0.603281889873,0.364684815103,0.0320332950238
15437,0.74439358941,0.233705620518,0.0219007900714
12302,0.972022314278,0.0253617927782,0.00261589294391
12271,0.921760601655,0.0728592548595,0.00538014348558
5341,0.882680976417,0.0981236454396,0.0191953781432
4427,0.981618507718,0.0163279431067,0.00205354917513
529,0.877866146957,0.103043181441,0.0190906716018
2022,0.927083092513,0.0648697474384,0.00804716004838
14625,0.923296072813,0.0725052892965,0.00419863789034
2922,0.228548225213,0.723364638102,0.0480871366849
16330,0.293549355954,0.110754969997,0.595695674049
12890,0.949047070014,0.0472083338164,0.00374459616941
2140,0.784676537539,0.207413230393,0.00791023206755
13484,0.727772354433,0.257113224816,0.0151144207509
12392,0.907602578913,0.0890030625022,0.00339435858446
2322,0.282656029723,0.107180282848,0.610163687428
567,0.156542836428,0.0774309660671,0.766026197505
4436,0.929762001895,0.0664138353577,0.00382416274696
12156,0.97004596909,0.0272939413807,0.00266008952963
7508,0.771989270599,0.198119007634,0.0298917217678
6184,0.843839495008,0.1269550815,0.0292054234926
12213,0.834919552331,0.145621263804,0.0194591838648
6458,0.260422764086,0.253542899581,0.486034336333
13967,0.926457238277,0.0664170586814,0.00712570304209
894,0.834574614539,0.145925541373,0.0194998440885
7461,0.289581944809,0.287373249934,0.423044805257
8949,0.687944712059,0.301170441006,0.0108848469343
3477,0.365291919294,0.602547698061,0.0321603826447
2779,0.868476110058,0.126136977956,0.00538691198587
13551,0.604633248714,0.373767529654,0.0215992216324
8297,0.923101519992,0.0674510418916,0.00944743811649
5050,0.331584956441,0.634546743754,0.0338682998055
10716,0.737215797216,0.24989370044,0.0128905023444
16075,0.60855632148,0.37788006382,0.0135636147001
1366,0.691902517275,0.278617699318,0.029479783407
774,0.921760601655,0.0728592548595,0.00538014348558
7406,0.74582490253,0.232396944731,0.0217781527397
2526,0.608340123349,0.354184567763,0.0374753088885
9649,0.923101519992,0.0674510418916,0.00944743811649
16115,0.254424682638,0.642080658469,0.103494658893
14749,0.201107002165,0.131754121242,0.667138876593
14952,0.691152228878,0.265047864191,0.0437999069309
4786,0.139578267215,0.0624781983207,0.797943534464
16513,0.937696325777,0.0587161421566,0.00358753206661
2002,0.942905108842,0.0542101424464,0.00288474871123
4701,0.589493763992,0.362117002534,0.0483892334734
7742,0.789775288815,0.172988873266,0.0372358379187
5905,0.739348896951,0.238318075186,0.0223330278633
685,0.646359436153,0.314179868199,0.0394606956475
11857,0.885037176555,0.109014717138,0.00594810630727
11628,0.160661467861,0.791364378378,0.047974153761
15024,0.727772354433,0.257113224816,0.0151144207509
4168,0.834919552331,0.145621263804,0.0194591838648
11914,0.846019151009,0.135830052246,0.0181507967448
5293,0.949047070014,0.0472083338164,0.00374459616941
3374,0.414373125958,0.581449627199,0.00417724684258
13055,0.983626109224,0.0147796805038,0.00159421027254
17759,0.228548225213,0.723364638102,0.0480871366849
590,0.717719197762,0.258257159783,0.0240236424548
1353,0.907602578913,0.0890030625022,0.00339435858446
11938,0.154368869701,0.0930476898123,0.752583440487
1018,0.262530304023,0.224492945574,0.512976750402
14945,0.776313160396,0.215883635877,0.00780320372781
1001,0.760050700064,0.22416452053,0.0157847794063
3587,0.818719738072,0.150293648086,0.030986613842
868,0.949047070014,0.0472083338164,0.00374459616941
9296,0.192322591673,0.0922878739575,0.71538953437
12455,0.861005573786,0.133301538475,0.00569288773982
17132,0.755041305829,0.214041322061,0.0309173721099
10240,0.927083092513,0.0648697474384,0.00804716004838
3696,0.23087726474,0.673043478824,0.0960792564359
10355,0.664017701637,0.302102810227,0.0338794881354
2206,0.67432697738,0.313404471982,0.0122685506377
14590,0.942905108842,0.0542101424464,0.00288474871123
13191,0.857164646062,0.135032137161,0.00780321677685
5882,0.907602578913,0.0890030625022,0.00339435858446
12653,0.673617280387,0.318233107119,0.00814961249403
1491,0.235953282014,0.731861873542,0.0321848444437
1176,0.609338646656,0.36218202697,0.0284793263734
11246,0.312454285358,0.118479477387,0.569066237256
14557,0.266463402192,0.659470901518,0.0740656962902
4772,0.137358901522,0.26209936299,0.600541735488
17192,0.784513361915,0.207996966567,0.00748967151771
10637,0.781743567414,0.202021134384,0.0162352982017
3281,0.923101519992,0.0674510418916,0.00944743811649
3191,0.623773823824,0.328982571887,0.0472436042891
672,0.673617280387,0.318233107119,0.00814961249403
6301,0.727772354433,0.257113224816,0.0151144207509
10309,0.907602578913,0.0890030625022,0.00339435858446
1734,0.673505237414,0.318467855184,0.00802690740244
2990,0.552098015163,0.416813561382,0.0310884234552
5746,0.640042180954,0.331710201849,0.0282476171971
15289,0.727772354433,0.257113224816,0.0151144207509
2971,0.949047070014,0.0472083338164,0.00374459616941
9771,0.525124126416,0.265171648357,0.209704225228
11253,0.221020154982,0.739509274767,0.0394705702508
14576,0.323143162659,0.591427598848,0.0854292384929
4688,0.253487455403,0.264622978507,0.481889566091
14469,0.535282881006,0.443740574133,0.0209765448618
9298,0.882680976417,0.0981236454396,0.0191953781432
16099,0.330233146083,0.63195981439,0.0378070395266
17316,0.26118322357,0.411278932932,0.327537843499
15212,0.92468654208,0.0719183020478,0.00339515587219
10691,0.834919552331,0.145621263804,0.0194591838648
3805,0.949047070014,0.0472083338164,0.00374459616941
6418,0.365291919294,0.602547698061,0.0321603826447
1158,0.644082469316,0.342401727171,0.0135158035127
7768,0.927083092513,0.0648697474384,0.00804716004838
4834,0.186072931258,0.0679044395311,0.746022629211
10914,0.673617280387,0.318233107119,0.00814961249403
14606,0.633698441288,0.334916220912,0.0313853377998
3220,0.839725598496,0.12824845106,0.032025950444
10433,0.923101519992,0.0674510418916,0.00944743811649
11251,0.110408148198,0.0854185232386,0.804173328564
8084,0.540053428112,0.453135620135,0.00681095175298
522,0.720913125774,0.259365438135,0.0197214360908
17299,0.846328237297,0.148026398788,0.00564536391586
15587,0.809533378806,0.128533656178,0.0619329650163
1563,0.234679359471,0.679010226881,0.0863104136471
8252,0.582497188701,0.400365172248,0.0171376390506
17802,0.309075277271,0.110399804076,0.580524918653
2738,0.802020302038,0.169704313634,0.028275384328
9896,0.727772354433,0.257113224816,0.0151144207509
14609,0.984271825676,0.0141219471242,0.00160622720014
10463,0.942905108842,0.0542101424464,0.00288474871123
1280,0.52296485479,0.262444963195,0.214590182015
977,0.194060960301,0.755759227301,0.0501798123983
979,0.834574614539,0.145925541373,0.0194998440885
10908,0.949047070014,0.0472083338164,0.00374459616941
12569,0.203069497892,0.745768313465,0.0511621886423
6078,0.193729415649,0.0605837833975,0.745686800954
18339,0.953917964386,0.0425251945236,0.00355684109095
13799,0.194452349992,0.755392206526,0.0501554434817
7193,0.279063377963,0.0996797366779,0.621256885359
8243,0.680700820175,0.278998950472,0.0403002293528
13622,0.971385094602,0.026561241954,0.00205366344451
5885,0.559089184539,0.433859791871,0.00705102359006
5768,0.834919552331,0.145621263804,0.0194591838648
632,0.610079268903,0.352611829392,0.0373089017054
3314,0.98306011695,0.0150299062309,0.00190997681862
3664,0.702630171829,0.260061299663,0.0373085285082
18518,0.727772354433,0.257113224816,0.0151144207509
7687,0.953917964386,0.0425251945236,0.00355684109095
17889,0.643112076793,0.32273970952,0.0341482136877
12943,0.597715012346,0.357396343408,0.0448886442457
3581,0.727772354433,0.257113224816,0.0151144207509
13802,0.810049283362,0.175786692717,0.0141640239204
17702,0.331584956441,0.634546743754,0.0338682998055
12342,0.868139809115,0.128577122269,0.00328306861554
11185,0.978212865315,0.01941919285,0.00236794183536
15675,0.727772354433,0.257113224816,0.0151144207509
6716,0.539750390476,0.441236308751,0.019013300773
17790,0.673617280387,0.318233107119,0.00814961249403
17791,0.742961585202,0.219124365657,0.0379140491405
6145,0.89271922898,0.101299515347,0.0059812556722
18237,0.148664191433,0.801782920893,0.0495528876742
10523,0.654639394736,0.315769523814,0.0295910814496
4356,0.426485492934,0.529953005687,0.0435615013795
7482,0.540053428112,0.453135620135,0.00681095175298
5856,0.553949467564,0.244447195654,0.201603336782
5011,0.328239943856,0.18329503842,0.488465017724
15872,0.921463100651,0.0744734481188,0.00406345123034
6609,0.496914103759,0.45494897826,0.0481369179818
995,0.834919552331,0.145621263804,0.0194591838648
4680,0.918444297908,0.0744916293453,0.00706407274638
18327,0.648530541877,0.311892589251,0.0395768688714
8484,0.671446209536,0.316813294709,0.0117404957556
16968,0.483105011917,0.467436770645,0.0494582174385
8305,0.949047070014,0.0472083338164,0.00374459616941
7012,0.89271922898,0.101299515347,0.0059812556722
13465,0.253487455403,0.264622978507,0.481889566091
8375,0.874533194249,0.120275991212,0.00519081453899
15629,0.331584956441,0.634546743754,0.0338682998055
12296,0.949047070014,0.0472083338164,0.00374459616941
458,0.331461088722,0.187466677474,0.481072233804
18124,0.253487455403,0.264622978507,0.481889566091
4430,0.157523741813,0.25581197795,0.586664280237
14443,0.448269749019,0.498938880684,0.0527913702967
15275,0.927083092513,0.0648697474384,0.00804716004838
4470,0.239160113418,0.0933505455946,0.667489340987
13831,0.949047070014,0.0472083338164,0.00374459616941
7696,0.923101519992,0.0674510418916,0.00944743811649
15172,0.827533823378,0.0935488650207,0.0789173116016
16647,0.789760743485,0.184195349675,0.02604390684
14209,0.461676430979,0.486814994276,0.0515085747448
18121,0.800836415535,0.19221586225,0.00694772221508
12144,0.673617280387,0.318233107119,0.00814961249403
800,0.673617280387,0.318233107119,0.00814961249403
13200,0.250044171696,0.744301786232,0.00565404207199
5724,0.0781726968261,0.0494435988046,0.872383704369
15722,0.820859838138,0.159850746522,0.0192894153408
6660,0.794457034193,0.197996517336,0.00754644847054
8394,0.821042964069,0.172057996509,0.00689903942179
5554,0.691152228878,0.265047864191,0.0437999069309
10381,0.927083092513,0.0648697474384,0.00804716004838
15783,0.88817971496,0.106412018668,0.00540826637193
10907,0.781743567414,0.202021134384,0.0162352982017
11455,0.931263109434,0.0647789249706,0.00395796559578
5992,0.253487455403,0.264622978507,0.481889566091
16564,0.228410421774,0.102521498558,0.669068079668
7933,0.353415520327,0.62570418684,0.0208802928332
16008,0.907602578913,0.0890030625022,0.00339435858446
7265,0.315130002534,0.63592267226,0.0489473252061
11095,0.776313160396,0.215883635877,0.00780320372781
2181,0.223447455269,0.21591727513,0.560635269601
8845,0.74439358941,0.233705620518,0.0219007900714
13617,0.345100087443,0.650724794034,0.00417511852236
17228,0.882680976417,0.0981236454396,0.0191953781432
16321,0.93611647626,0.0602050217451,0.00367850199534
14851,0.927448574912,0.0630594972473,0.00949192784102
9613,0.949047070014,0.0472083338164,0.00374459616941
3121,0.781743567414,0.202021134384,0.0162352982017
4840,0.942905108842,0.0542101424464,0.00288474871123
18216,0.366224947782,0.617695498471,0.016079553747
17113,0.432121767538,0.524292295049,0.0435859374129
4775,0.834919552331,0.145621263804,0.0194591838648
14105,0.775187845417,0.193760494606,0.0310516599775
4993,0.440549523358,0.519784551677,0.0396659249658
8901,0.840392260158,0.0958713959697,0.063736343872
15443,0.754795789221,0.214133167841,0.0310710429372
435,0.776313160396,0.215883635877,0.00780320372781
4595,0.268364584019,0.659208410377,0.0724270056034
14503,0.776313160396,0.215883635877,0.00780320372781
2191,0.331584956441,0.634546743754,0.0338682998055
2163,0.924034945691,0.0647469967333,0.0112180575758
9987,0.949047070014,0.0472083338164,0.00374459616941
16234,0.400877348682,0.241608461276,0.357514190042
3834,0.314394227725,0.12446962988,0.561136142395
13133,0.673617280387,0.318233107119,0.00814961249403
13909,0.424014708764,0.291620620664,0.284364670573
9952,0.688102324528,0.2971582629,0.0147394125722
3666,0.540053428112,0.453135620135,0.00681095175298
6072,0.74439358941,0.233705620518,0.0219007900714
2936,0.186151440285,0.0918579024265,0.721990657289
6497,0.78271357541,0.185235930558,0.0320504940321
5645,0.820553736373,0.171832710565,0.00761355306207
15476,0.643112076793,0.32273970952,0.0341482136877
8472,0.949047070014,0.0472083338164,0.00374459616941
15687,0.808509065912,0.184456225886,0.00703470820205
10682,0.907602578913,0.0890030625022,0.00339435858446
10772,0.95569113303,0.0399497405429,0.00435912642692
8156,0.241185202422,0.251780296328,0.507034501249
10436,0.62389972849,0.204003789165,0.172096482345
16827,0.89271922898,0.101299515347,0.0059812556722
12299,0.241185202422,0.251780296328,0.507034501249
9258,0.282902145324,0.1143142389,0.602783615776
4759,0.776313160396,0.215883635877,0.00780320372781
8989,0.829580998788,0.159129392196,0.0112896090155
14823,0.97115377691,0.0257633141113,0.0030829089784
17270,0.331584956441,0.634546743754,0.0338682998055
2005,0.923101519992,0.0674510418916,0.00944743811649
15757,0.85418591667,0.130878313365,0.0149357699645
14476,0.673617280387,0.318233107119,0.00814961249403
17243,0.241420748014,0.684577726717,0.0740015252691
3908,0.787405388641,0.204784627751,0.00780998360764
781,0.834919552331,0.145621263804,0.0194591838648
5398,0.345140124838,0.358231274941,0.296628600221
2687,0.57705680974,0.386988278502,0.0359549117579
5017,0.834919552331,0.145621263804,0.0194591838648
140,0.555221963727,0.424701507886,0.020076528387
14897,0.74439358941,0.233705620518,0.0219007900714
1487,0.602773567893,0.36522012816,0.0320063039468
18371,0.982512195368,0.0155160494931,0.00197175513893
10170,0.834919552331,0.145621263804,0.0194591838648
3464,0.339296044614,0.191334523842,0.469369431543
1535,0.759393493414,0.219990933689,0.0206155728974
1442,0.787812022919,0.189009774078,0.0231782030032
7249,0.643112076793,0.32273970952,0.0341482136877
17510,0.350415186174,0.607210734646,0.0423740791803
418,0.982046995334,0.0159287980857,0.00202420658019
16274,0.264911217338,0.0950948837694,0.639993898893
12497,0.496914103759,0.45494897826,0.0481369179818
17309,0.842101825832,0.129606102106,0.0282920720619
3891,0.834574614539,0.145925541373,0.0194998440885
8437,0.949047070014,0.0472083338164,0.00374459616941
9950,0.727772354433,0.257113224816,0.0151144207509
5316,0.682096555587,0.297205166627,0.0206982777855
12979,0.673617280387,0.318233107119,0.00814961249403
14648,0.864414753486,0.130604318042,0.00498092847199
8194,0.793038003963,0.183630039542,0.0233319564952
10386,0.286318467702,0.158689470089,0.554992062209
12749,0.240727859338,0.251932046107,0.507340094556
16508,0.839911307116,0.153540122788,0.00654857009632
16386,0.859108380678,0.134077297515,0.00681432180751
12933,0.864414753486,0.130604318042,0.00498092847199
2830,0.727772354433,0.257113224816,0.0151144207509
11528,0.673617280387,0.318233107119,0.00814961249403
15904,0.921760601655,0.0728592548595,0.00538014348558
16390,0.846019151009,0.135830052246,0.0181507967448
14036,0.953917964386,0.0425251945236,0.00355684109095
17215,0.949047070014,0.0472083338164,0.00374459616941
14404,0.87942323199,0.114437268981,0.00613949902815
12101,0.253487455403,0.264622978507,0.481889566091
10812,0.324124212121,0.640907417305,0.034968370574
4374,0.949047070014,0.0472083338164,0.00374459616941
9719,0.365291919294,0.602547698061,0.0321603826447
8520,0.228548225213,0.723364638102,0.0480871366849
15621,0.62389972849,0.204003789165,0.172096482345
7173,0.243476048002,0.709367315803,0.0471566361944
7544,0.840524190317,0.136037065724,0.0234387439589
7253,0.584575367402,0.38556448905,0.0298601435478
16731,0.718225530694,0.257793918557,0.0239805507489
17278,0.649892239902,0.336186822019,0.0139209380785
16327,0.907602578913,0.0890030625022,0.00339435858446
15845,0.968538220584,0.0270775609076,0.00438421850874
6750,0.142197107269,0.0568334897947,0.800969402936
7674,0.882262300531,0.0974081244821,0.0203295749866
17416,0.444424131199,0.50546840128,0.0501074675213
9050,0.611403535266,0.351661609125,0.0369348556093
8931,0.194060960301,0.755759227301,0.0501798123983
13146,0.245302773256,0.18114424828,0.573552978463
11584,0.861005573786,0.133301538475,0.00569288773982
8322,0.776313160396,0.215883635877,0.00780320372781
16067,0.717719197762,0.258257159783,0.0240236424548
11438,0.923101519992,0.0674510418916,0.00944743811649
677,0.727772354433,0.257113224816,0.0151144207509
7475,0.643155407081,0.328092033724,0.0287525591944
13400,0.923101519992,0.0674510418916,0.00944743811649
10255,0.802298812706,0.190058063279,0.00764312401532
17987,0.888714526412,0.107556413169,0.00372906041913
13651,0.253487455403,0.264622978507,0.481889566091
8226,0.926457238277,0.0664170586814,0.00712570304209
7643,0.74439358941,0.233705620518,0.0219007900714
10318,0.163226381979,0.0637115930217,0.773062025
12382,0.927448574912,0.0630594972473,0.00949192784102
2912,0.139400478266,0.293704446465,0.566895075269
2254,0.241185202422,0.251780296328,0.507034501249
13110,0.892410212168,0.0909770768075,0.0166127110241
8355,0.228548225213,0.723364638102,0.0480871366849
10753,0.981129990932,0.0167618836251,0.0021081254428
17974,0.30900034408,0.2311657406,0.45983391532
7588,0.927448574912,0.0630594972473,0.00949192784102
3209,0.834919552331,0.145621263804,0.0194591838648
16325,0.907767756467,0.0872144381339,0.00501780539927
12009,0.923101519992,0.0674510418916,0.00944743811649
7141,0.365291919294,0.602547698061,0.0321603826447
7584,0.410119691711,0.502545571298,0.0873347369906
171,0.673617280387,0.318233107119,0.00814961249403
14412,0.923101519992,0.0674510418916,0.00944743811649
16111,0.540053428112,0.453135620135,0.00681095175298
17959,0.907602578913,0.0890030625022,0.00339435858446
401,0.882680976417,0.0981236454396,0.0191953781432
16571,0.331584956441,0.634546743754,0.0338682998055
3294,0.440549523358,0.519784551677,0.0396659249658
16220,0.285530963654,0.256682172966,0.45778686338
2404,0.949047070014,0.0472083338164,0.00374459616941
11002,0.859108380678,0.134077297515,0.00681432180751
372,0.611403535266,0.351661609125,0.0369348556093
15477,0.834919552331,0.145621263804,0.0194591838648
41,0.673617280387,0.318233107119,0.00814961249403
8671,0.921760601655,0.0728592548595,0.00538014348558
8129,0.502199627642,0.253595476511,0.244204895846
14683,0.614700177706,0.372400593986,0.0128992283083
9873,0.970875798099,0.0274288807429,0.00169532115811
13577,0.886206036682,0.109086077788,0.00470788552959
16132,0.949047070014,0.0472083338164,0.00374459616941
10100,0.927083092513,0.0648697474384,0.00804716004838
5629,0.643112076793,0.32273970952,0.0341482136877
16618,0.366224947782,0.617695498471,0.016079553747
16876,0.226495348278,0.272301258439,0.501203393284
16036,0.98306011695,0.0150299062309,0.00190997681862
9322,0.294068184495,0.110673629793,0.595258185712
8549,0.949047070014,0.0472083338164,0.00374459616941
18132,0.93658050856,0.0599480201673,0.0034714712729
13487,0.646103584663,0.339286609295,0.0146098060425
6904,0.834574614539,0.145925541373,0.0194998440885
2799,0.331584956441,0.634546743754,0.0338682998055
9694,0.477217414167,0.429936733941,0.0928458518919
4417,0.709924747872,0.276981745797,0.0130935063307
1494,0.834919552331,0.145621263804,0.0194591838648
13929,0.348021647892,0.603153487456,0.0488248646524
6530,0.406661777147,0.576291094802,0.0170471280507
2483,0.74439358941,0.233705620518,0.0219007900714
3301,0.784676537539,0.207413230393,0.00791023206755
11323,0.907602578913,0.0890030625022,0.00339435858446
1237,0.603281889873,0.364684815103,0.0320332950238
1747,0.609361790663,0.350487256752,0.0401509525855
2655,0.849006480123,0.13805613942,0.0129373804566
16310,0.462539237412,0.408744145836,0.128716616752
4173,0.949047070014,0.0472083338164,0.00374459616941
17613,0.558517172161,0.424851714592,0.0166311132467
18062,0.949047070014,0.0472083338164,0.00374459616941
4109,0.673617280387,0.318233107119,0.00814961249403
15881,0.949047070014,0.0472083338164,0.00374459616941
17020,0.949047070014,0.0472083338164,0.00374459616941
7642,0.645036343157,0.0847349106936,0.270228746149
9464,0.923101519992,0.0674510418916,0.00944743811649
22,0.846895227071,0.146770520004,0.00633425292492
16394,0.727772354433,0.257113224816,0.0151144207509
12854,0.642723444487,0.312412499583,0.0448640559303
5073,0.643112076793,0.32273970952,0.0341482136877
2069,0.882680976417,0.0981236454396,0.0191953781432
8545,0.929762001895,0.0664138353577,0.00382416274696
10775,0.453263710091,0.519033399677,0.0277028902321
9744,0.784676537539,0.207413230393,0.00791023206755
17138,0.556461700915,0.399822048077,0.0437162510081
16619,0.869535128276,0.125280131453,0.00518474027088
195,0.781743567414,0.202021134384,0.0162352982017
10258,0.365291919294,0.602547698061,0.0321603826447
4347,0.607963156408,0.379420629328,0.0126162142638
17587,0.65080567179,0.340058926027,0.00913540218331
3019,0.500817199304,0.45547401776,0.0437087829366
18552,0.949047070014,0.0472083338164,0.00374459616941
13223,0.656404881658,0.329410577842,0.0141845405
7856,0.977176682133,0.0203427581246,0.00248055974221
9830,0.673617280387,0.318233107119,0.00814961249403
10965,0.673617280387,0.318233107119,0.00814961249403
4677,0.309555337421,0.0984937251776,0.591950937401
12176,0.262227639204,0.283639621784,0.454132739012
15210,0.416559437804,0.557105041883,0.026335520313
3764,0.967481092641,0.0297324572562,0.00278645010238
16846,0.496914103759,0.45494897826,0.0481369179818
771,0.636136934038,0.122228861892,0.24163420407
13019,0.28603289542,0.116450297276,0.597516807304
252,0.608340123349,0.354184567763,0.0374753088885
11064,0.673617280387,0.318233107119,0.00814961249403
18221,0.927083092513,0.0648697474384,0.00804716004838
11502,0.781743567414,0.202021134384,0.0162352982017
14392,0.540053428112,0.453135620135,0.00681095175298
9541,0.839725598496,0.12824845106,0.032025950444
3206,0.882680976417,0.0981236454396,0.0191953781432
1994,0.23995798664,0.249059582761,0.5109824306
17294,0.395851622813,0.573747969445,0.0304004077412
344,0.989244757046,0.00929092674418,0.00146431621027
15404,0.930836552048,0.0651809205902,0.00398252736232
521,0.784676537539,0.207413230393,0.00791023206755
876,0.949047070014,0.0472083338164,0.00374459616941
7671,0.506929306344,0.485769235377,0.00730145827919
3351,0.949047070014,0.0472083338164,0.00374459616941
11771,0.90389941298,0.0913753551941,0.0047252318254
1511,0.136682772207,0.0823785988021,0.780938628991
9265,0.498898138513,0.475377172651,0.025724688836
7982,0.907602578913,0.0890030625022,0.00339435858446
14175,0.680929253493,0.285778577931,0.0332921685757
10039,0.834574614539,0.145925541373,0.0194998440885
14091,0.312775117809,0.523046956813,0.164177925379
16518,0.907602578913,0.0890030625022,0.00339435858446
10022,0.882680976417,0.0981236454396,0.0191953781432
11564,0.814732156067,0.165682732613,0.0195851113197
7125,0.717830894173,0.269617555983,0.0125515498436
13985,0.673617280387,0.318233107119,0.00814961249403
16442,0.862853697865,0.130050436182,0.00709586595302
8894,0.924770310675,0.070897859362,0.00433182996317
12070,0.759393493414,0.219990933689,0.0206155728974
5222,0.812758334137,0.180521446455,0.00672021940835
5035,0.228548225213,0.723364638102,0.0480871366849
11720,0.85188494359,0.144427272479,0.00368778393179
2902,0.648530541877,0.311892589251,0.0395768688714
16663,0.923101519992,0.0674510418916,0.00944743811649
5322,0.517978148987,0.435900410358,0.0461214406545
18013,0.294785996731,0.248077233461,0.457136769808
7204,0.869808885715,0.125589750012,0.00460136427238
5241,0.317484631094,0.120386933171,0.562128435735
10289,0.611403535266,0.351661609125,0.0369348556093
2841,0.923101519992,0.0674510418916,0.00944743811649
799,0.80101068086,0.192366234149,0.0066230849906
1913,0.25813406717,0.662294911023,0.079571021807
4910,0.834574614539,0.145925541373,0.0194998440885
451,0.600119789207,0.373128631884,0.0267515789095
10840,0.648530541877,0.311892589251,0.0395768688714
15308,0.272670407709,0.672657676163,0.0546719161274
10669,0.350452720341,0.169503561395,0.480043718264
9628,0.927464560516,0.0669337273304,0.00560171215333
1010,0.656404881658,0.329410577842,0.0141845405
11501,0.588347783959,0.369339124934,0.0423130911066
12727,0.66127742464,0.332056315265,0.00666626009532
13407,0.983626109224,0.0147796805038,0.00159421027254
11481,0.643767194451,0.347337851409,0.00889495413949
7183,0.268714784447,0.2833408239,0.447944391652
1066,0.799322911614,0.193584527654,0.00709256073164
4010,0.820553736373,0.171832710565,0.00761355306207
13436,0.927083092513,0.0648697474384,0.00804716004838
13848,0.949047070014,0.0472083338164,0.00374459616941
15025,0.365291919294,0.602547698061,0.0321603826447
3313,0.356178461832,0.600750532859,0.0430710053088
13580,0.907602578913,0.0890030625022,0.00339435858446
14183,0.781743567414,0.202021134384,0.0162352982017
11433,0.861005573786,0.133301538475,0.00569288773982
9442,0.716604233357,0.25911393749,0.024281829153
15,0.921760601655,0.0728592548595,0.00538014348558
10817,0.970214224421,0.0272335195487,0.00255225603053
330,0.673617280387,0.318233107119,0.00814961249403
17999,0.973060570893,0.023984368816,0.00295506029125
6883,0.57705680974,0.386988278502,0.0359549117579
7946,0.374793507749,0.589212833304,0.0359936589465
2122,0.87942323199,0.114437268981,0.00613949902815
16053,0.911153107583,0.0855829678573,0.00326392456015
889,0.98427340475,0.0142000811964,0.0015265140536
3521,0.760050700064,0.22416452053,0.0157847794063
18229,0.228533555843,0.0809185251266,0.69054791903
11922,0.941962126783,0.0550350290853,0.00300284413167
2870,0.906155419123,0.0889919569323,0.0048526239447
4093,0.474830319086,0.503551649856,0.0216180310582
283,0.382411167695,0.563512337326,0.0540764949786
10344,0.569586932268,0.404949421145,0.025463646587
531,0.983626109224,0.0147796805038,0.00159421027254
2710,0.673617280387,0.318233107119,0.00814961249403
8826,0.456749743065,0.49127028044,0.0519799764951
10484,0.949047070014,0.0472083338164,0.00374459616941
12881,0.128498234043,0.0501562743235,0.821345491634
5013,0.457671207683,0.49743421115,0.0448945811667
1189,0.759393493414,0.219990933689,0.0206155728974
7899,0.677727286442,0.315171406269,0.00710130728883
12413,0.923101519992,0.0674510418916,0.00944743811649
11046,0.349452459579,0.566719289072,0.0838282513493
5834,0.611403535266,0.351661609125,0.0369348556093
14782,0.71283217958,0.279655116685,0.00751270373457
9994,0.594040149768,0.379806129679,0.0261537205526
147,0.286318467702,0.158689470089,0.554992062209
2152,0.903318000306,0.0915087049944,0.00517329469995
3478,0.39406308429,0.417899001529,0.188037914181
8873,0.786664210427,0.180428789063,0.0329070005097
5577,0.246796052151,0.257637626683,0.495566321167
12729,0.609361790663,0.350487256752,0.0401509525855
11488,0.671446209536,0.316813294709,0.0117404957556
17901,0.662361250209,0.318924039973,0.0187147098188
650,0.608340123349,0.354184567763,0.0374753088885
3127,0.968986344199,0.0278528567789,0.00316079902241
3761,0.289575660386,0.656463802489,0.0539605371247
16587,0.167508457168,0.0648939660996,0.767597576733
11773,0.247298095129,0.704895375262,0.0478065296094
11000,0.810049283362,0.175786692717,0.0141640239204
10785,0.849006480123,0.13805613942,0.0129373804566
2280,0.08412441971,0.121939683079,0.793935897211
13306,0.923101519992,0.0674510418916,0.00944743811649
14185,0.93658050856,0.0599480201673,0.0034714712729
18326,0.608340123349,0.354184567763,0.0374753088885
2544,0.941962126783,0.0550350290853,0.00300284413167
6979,0.727772354433,0.257113224816,0.0151144207509
50,0.523947584689,0.421979631693,0.0540727836176
11525,0.74282375637,0.228824229601,0.0283520140289
13479,0.279082304352,0.113620558428,0.60729713722
8865,0.570613349661,0.399088002093,0.0302986482457
14822,0.608340123349,0.354184567763,0.0374753088885
9763,0.907602578913,0.0890030625022,0.00339435858446
2129,0.673617280387,0.318233107119,0.00814961249403
13332,0.909786706418,0.0711987906764,0.0190145029058
7082,0.940270898581,0.0564596355967,0.00326946582231
7783,0.544890358713,0.421932015963,0.0331776253243
7202,0.907602578913,0.0890030625022,0.00339435858446
18223,0.730279548228,0.246610346753,0.0231101050188
6631,0.561652831589,0.207881999947,0.230465168464
14666,0.956733944917,0.0396090438079,0.0036570112746
4432,0.927448574912,0.0630594972473,0.00949192784102
6566,0.882680976417,0.0981236454396,0.0191953781432
11828,0.269206445992,0.283150326699,0.447643227309
3485,0.793038003963,0.183630039542,0.0233319564952
17499,0.942905108842,0.0542101424464,0.00288474871123
5855,0.267786218373,0.467727556082,0.264486225545
15165,0.990109076965,0.00853218888197,0.00135873415294
4574,0.756625334579,0.211468764312,0.0319059011091
9316,0.702630171829,0.260061299663,0.0373085285082
17011,0.962169823393,0.0352013700204,0.00262880658689
12002,0.603281889873,0.364684815103,0.0320332950238
17674,0.927083092513,0.0648697474384,0.00804716004838
232,0.921760601655,0.0728592548595,0.00538014348558
5584,0.540053428112,0.453135620135,0.00681095175298
18310,0.506929306344,0.485769235377,0.00730145827919
5677,0.154984937184,0.0743710357882,0.770644027027
18145,0.983626109224,0.0147796805038,0.00159421027254
3086,0.677727286442,0.315171406269,0.00710130728883
15184,0.4712707428,0.283333949147,0.245395308053
16348,0.808509065912,0.184456225886,0.00703470820205
17675,0.916853748046,0.0786227610795,0.00452349087481
3074,0.921760601655,0.0728592548595,0.00538014348558
3355,0.733802575125,0.224778924573,0.041418500302
9764,0.370013378167,0.584060413723,0.0459262081097
4951,0.454502805891,0.284129757123,0.261367436986
11942,0.962169823393,0.0352013700204,0.00262880658689
3983,0.643112076793,0.32273970952,0.0341482136877
3344,0.393117444636,0.566729287808,0.0401532675566
8511,0.286318467702,0.158689470089,0.554992062209
14693,0.671446209536,0.316813294709,0.0117404957556
16480,0.834919552331,0.145621263804,0.0194591838648
13782,0.810049283362,0.175786692717,0.0141640239204
4869,0.677727286442,0.315171406269,0.00710130728883
1459,0.923101519992,0.0674510418916,0.00944743811649
10674,0.164828871988,0.0993422308989,0.735828897113
16104,0.990109076965,0.00853218888197,0.00135873415294
16927,0.907602578913,0.0890030625022,0.00339435858446
11812,0.253825117218,0.0672511291078,0.678923753674
12488,0.802020302038,0.169704313634,0.028275384328
6612,0.921760601655,0.0728592548595,0.00538014348558
10000,0.784676537539,0.207413230393,0.00791023206755
10605,0.915601283751,0.0802488612644,0.00414985498435
18523,0.540053428112,0.453135620135,0.00681095175298
11708,0.923101519992,0.0674510418916,0.00944743811649
12948,0.927448574912,0.0630594972473,0.00949192784102
7825,0.907602578913,0.0890030625022,0.00339435858446
14772,0.854750484785,0.139279654884,0.00596986033086
15734,0.727772354433,0.257113224816,0.0151144207509
17023,0.191903673866,0.116918464123,0.691177862011
15114,0.795001378486,0.197753324183,0.00724529733158
4467,0.506703851666,0.378522021092,0.114774127241
16520,0.365291919294,0.602547698061,0.0321603826447
17367,0.677727286442,0.315171406269,0.00710130728883
4580,0.882680976417,0.0981236454396,0.0191953781432
6154,0.886110653362,0.102316224401,0.0115731222372
1088,0.730757442039,0.23753895641,0.0317036015511
15595,0.834919552331,0.145621263804,0.0194591838648
10063,0.641422015684,0.351596020806,0.00698196351031
7395,0.727772354433,0.257113224816,0.0151144207509
2509,0.702630171829,0.260061299663,0.0373085285082
15619,0.980934993036,0.0171446320066,0.00192037495713
10987,0.350415186174,0.607210734646,0.0423740791803
4564,0.864414753486,0.130604318042,0.00498092847199
17483,0.861005573786,0.133301538475,0.00569288773982
16410,0.294068184495,0.110673629793,0.595258185712
14723,0.702630171829,0.260061299663,0.0373085285082
1036,0.571021390611,0.397705943896,0.0312726654926
4405,0.97991672557,0.0178802846581,0.00220298977199
7491,0.445690151898,0.529901096936,0.0244087511656
14451,0.274262665409,0.698048627058,0.0276887075329
18335,0.195770821747,0.0637049124375,0.740524265816
15069,0.242466612366,0.0617910048648,0.69574238277
2328,0.506929306344,0.485769235377,0.00730145827919
17635,0.178908147249,0.0657817796813,0.755310073069
16784,0.89271922898,0.101299515347,0.0059812556722
230,0.802298812706,0.190058063279,0.00764312401532
8896,0.452514563678,0.525828269433,0.0216571668891
14835,0.266132454141,0.457408063045,0.276459482814
9983,0.71378525545,0.273733934258,0.0124808102913
12133,0.856189709183,0.112150835303,0.0316594555138
10893,0.889636113706,0.104359646526,0.00600423976818
10904,0.781743567414,0.202021134384,0.0162352982017
3087,0.643112076793,0.32273970952,0.0341482136877
1254,0.878987005842,0.114112160642,0.00690083351585
3402,0.15789835619,0.799231953121,0.0428696906894
16362,0.317484631094,0.120386933171,0.562128435735
14681,0.963800445268,0.0342301532057,0.00196940152627
16420,0.759393493414,0.219990933689,0.0206155728974
1559,0.969081538608,0.0286060239628,0.00231243742924
8700,0.949047070014,0.0472083338164,0.00374459616941
15452,0.727772354433,0.257113224816,0.0151144207509
13565,0.941962126783,0.0550350290853,0.00300284413167
628,0.859731718246,0.117808973682,0.0224593080719
5344,0.294068184495,0.110673629793,0.595258185712
15163,0.643112076793,0.32273970952,0.0341482136877
10766,0.808230568416,0.158989882062,0.0327795495217
16380,0.756625334579,0.211468764312,0.0319059011091
7770,0.927448574912,0.0630594972473,0.00949192784102
5412,0.727772354433,0.257113224816,0.0151144207509
12885,0.781743567414,0.202021134384,0.0162352982017
11332,0.925886513226,0.0700566450297,0.00405684174418
17718,0.537214878482,0.412601989084,0.0501831324339
2780,0.907602578913,0.0890030625022,0.00339435858446
7411,0.776313160396,0.215883635877,0.00780320372781
4038,0.727772354433,0.257113224816,0.0151144207509
219,0.834574614539,0.145925541373,0.0194998440885
382,0.859108380678,0.134077297515,0.00681432180751
5134,0.111831735916,0.873428041928,0.0147402221554
8782,0.183101402834,0.349902875858,0.466995721308
13297,0.882680976417,0.0981236454396,0.0191953781432
5655,0.246796052151,0.257637626683,0.495566321167
12,0.781743567414,0.202021134384,0.0162352982017
18437,0.972371949225,0.0250690003873,0.0025590503875
15061,0.540053428112,0.453135620135,0.00681095175298
17179,0.312454285358,0.118479477387,0.569066237256
15394,0.496177585241,0.259622210347,0.244200204412
13302,0.877866146957,0.103043181441,0.0190906716018
16908,0.907602578913,0.0890030625022,0.00339435858446
11829,0.927083092513,0.0648697474384,0.00804716004838
18236,0.203069497892,0.745768313465,0.0511621886423
14617,0.727772354433,0.257113224816,0.0151144207509
1837,0.950483919038,0.0467269781043,0.00278910285723
13734,0.242421742028,0.348779199378,0.408799058595
14894,0.702630171829,0.260061299663,0.0373085285082
12703,0.810049283362,0.175786692717,0.0141640239204
17190,0.258071088514,0.670938705982,0.0709902055043
14704,0.182763872988,0.268966446341,0.54826968067
11412,0.949047070014,0.0472083338164,0.00374459616941
8880,0.237908749555,0.286022880338,0.476068370106
10855,0.490775727466,0.247826755769,0.261397516766
2636,0.290066507266,0.114838211443,0.595095281291
15890,0.781743567414,0.202021134384,0.0162352982017
11288,0.802147507815,0.190995916832,0.00685657535355
2037,0.346188081565,0.643626725269,0.0101851931659
13921,0.91173260357,0.0837558026756,0.00451159375401
5640,0.74439358941,0.233705620518,0.0219007900714
11354,0.834574614539,0.145925541373,0.0194998440885
17161,0.749465901704,0.241330350429,0.0092037478671
14317,0.921760601655,0.0728592548595,0.00538014348558
13513,0.40299332824,0.126089937538,0.470916734223
18208,0.16032930811,0.772296193346,0.0673744985449
2020,0.575983802481,0.394321979628,0.0296942178913
4801,0.555221963727,0.424701507886,0.020076528387
12728,0.98750165874,0.0110592124284,0.00143912883163
9614,0.331584956441,0.634546743754,0.0338682998055
1259,0.206663903078,0.0828406315915,0.71049546533
9799,0.694166122718,0.298560321907,0.00727355537475
595,0.200968905649,0.749224847603,0.0498062467484
13916,0.923101519992,0.0674510418916,0.00944743811649
2072,0.0983573802234,0.0481722071363,0.85347041264
3373,0.776313160396,0.215883635877,0.00780320372781
9684,0.776313160396,0.215883635877,0.00780320372781
9159,0.233771748722,0.0811351263031,0.685093124975
13478,0.783988504187,0.197503265085,0.0185082307282
14729,0.927448574912,0.0630594972473,0.00949192784102
10918,0.655528218351,0.311511585341,0.0329601963088
11611,0.643112076793,0.32273970952,0.0341482136877
17819,0.539750390476,0.441236308751,0.019013300773
17274,0.268364584019,0.659208410377,0.0724270056034
253,0.122502252802,0.0450421980674,0.832455549131
10504,0.920702845535,0.0681195495709,0.0111776048943
13012,0.407111106576,0.546200311263,0.046688582161
15828,0.964642543621,0.0324743365309,0.00288311984772
18056,0.942905108842,0.0542101424464,0.00288474871123
11009,0.907602578913,0.0890030625022,0.00339435858446
13653,0.87942323199,0.114437268981,0.00613949902815
8329,0.482609869254,0.243703246729,0.273686884018
156,0.727772354433,0.257113224816,0.0151144207509
18014,0.784676537539,0.207413230393,0.00791023206755
2014,0.199746017896,0.717578727513,0.0826752545916
1122,0.74439358941,0.233705620518,0.0219007900714
17329,0.534560323973,0.441856049894,0.0235836261332
2877,0.853338698847,0.137880541407,0.0087807597455
10125,0.717719197762,0.258257159783,0.0240236424548
5972,0.834922685254,0.134204253171,0.0308730615748
4957,0.849006480123,0.13805613942,0.0129373804566
8501,0.228107641349,0.723777758919,0.0481145997321
18417,0.159362620315,0.786833034024,0.0538043456611
4012,0.955563241268,0.039176446712,0.0052603120204
13575,0.983626109224,0.0147796805038,0.00159421027254
14546,0.727772354433,0.257113224816,0.0151144207509
12403,0.921760601655,0.0728592548595,0.00538014348558
236,0.949047070014,0.0472083338164,0.00374459616941
15805,0.52801223906,0.460219327494,0.0117684334461
1052,0.886182149406,0.095661344984,0.0181565056103
