id,predict_0,predict_1,predict_2
11066,1.0,0.0,0.0
18000,0.0543333333333,0.001,0.944666666667
16964,1.0,0.0,0.0
4795,0.763133333333,0.2342,0.00266666666667
3392,0.168605806231,0.831394193769,0.0
3795,0.493041666667,0.506625,0.000333333333333
2881,0.822277777778,0.177722222222,0.0
1903,0.0928888888889,0.188,0.719111111111
5245,1.0,0.0,0.0
6726,0.999904761905,9.52380952381e-05,0.0
1311,0.999764550265,0.00023544973545,0.0
15795,0.57738361336,0.42261638664,0.0
4315,0.908116844267,0.0918831557335,0.0
3393,0.296932539683,0.0913154761905,0.611751984127
6764,0.870945745921,0.106054254079,0.023
13039,0.627478878722,0.372521121278,0.0
12331,0.84609047619,0.110576190476,0.0433333333333
14276,0.273666666667,0.667333333333,0.059
14638,0.470649776096,0.529350223904,0.0
6573,0.998,0.002,0.0
2222,0.487333333333,0.000333333333333,0.512333333333
8824,0.97690458153,0.0230954184704,0.0
6360,0.81625,0.181083333333,0.00266666666667
7553,0.192333333333,0.0903333333333,0.717333333333
13760,0.33383954194,0.665827124727,0.000333333333333
4284,0.585647883598,0.381352116402,0.033
1356,0.999447222222,0.000166666666667,0.000386111111111
3410,0.746333333333,0.253666666667,0.0
4830,0.329362561821,0.667400397072,0.00323704110704
8998,0.502648172198,0.496907383357,0.000444444444444
18052,0.998666666667,0.00133333333333,0.0
7539,0.889305555556,0.110694444444,0.0
9529,0.891666666667,0.108333333333,0.0
3656,0.858170238095,0.141829761905,0.0
14238,0.648273140008,0.213424700081,0.138302159912
2682,0.412557890938,0.587442109062,0.0
7312,0.379875741327,0.583124258673,0.037
12971,0.917,0.083,0.0
10735,0.470649776096,0.529350223904,0.0
4050,0.993285714286,0.00671428571429,0.0
5943,0.669350334391,0.330649665609,0.0
6482,0.669121296296,0.330878703704,0.0
9746,0.45,0.000333333333333,0.549666666667
13320,0.170666666667,0.04,0.789333333333
803,0.566973678058,0.433026321942,0.0
15437,1.0,0.0,0.0
12302,0.906333333333,0.0936666666667,0.0
12271,0.965845074805,0.0341549251946,0.0
5341,0.877,0.123,0.0
4427,0.999666666667,0.000333333333333,0.0
529,0.978785671513,0.0170983692642,0.00411595922328
2022,1.0,0.0,0.0
14625,0.999666666667,0.000333333333333,0.0
2922,0.650566666667,0.344433333333,0.005
16330,0.464693350168,0.0890888407888,0.446217809043
12890,0.998715873016,0.00128412698413,0.0
2140,0.602689992415,0.397310007585,0.0
13484,0.810742033629,0.189257966371,0.0
12392,1.0,0.0,0.0
2322,0.28,0.02,0.7
567,0.152666666667,0.136,0.711333333333
4436,0.8367,0.1633,0.0
12156,0.995833333333,0.00416666666667,0.0
7508,0.754055784031,0.243610882636,0.00233333333333
6184,0.909192063492,0.069996031746,0.0208119047619
12213,0.994666666667,0.00533333333333,0.0
6458,0.499333333333,0.265466666667,0.2352
13967,0.977333333333,0.0226666666667,0.0
894,0.99352037037,0.00347592592593,0.0030037037037
7461,0.239357142857,0.515976190476,0.244666666667
8949,0.889224338624,0.110775661376,0.0
3477,0.445984228024,0.508349105309,0.0456666666667
2779,0.925666666667,0.0743333333333,0.0
13551,0.392566666667,0.607433333333,0.0
8297,0.995370158081,0.00462984191921,0.0
5050,0.235423927513,0.764576072487,0.0
10716,0.517033644923,0.482966355077,0.0
16075,0.866192460317,0.133807539683,0.0
1366,0.864596585419,0.12148493632,0.0139184782609
774,0.87282939389,0.12717060611,0.0
7406,0.783556342863,0.216443657137,0.0
2526,0.178377514043,0.606931118437,0.21469136752
9649,0.929674294736,0.0703257052636,0.0
16115,0.0728105699856,0.795522763348,0.131666666667
14749,0.622888888889,0.0393333333333,0.337777777778
14952,0.500843384791,0.0,0.499156615209
4786,0.337,0.0303333333333,0.632666666667
16513,0.894666666667,0.105333333333,0.0
2002,1.0,0.0,0.0
4701,0.736627122007,0.244426449422,0.0189464285714
7742,0.714355026455,0.16648015873,0.119164814815
5905,0.517745742865,0.482254257135,0.0
685,0.372666666667,0.187,0.440333333333
11857,0.869008236926,0.130991763074,0.0
11628,0.309,0.533,0.158
15024,0.810742033629,0.189257966371,0.0
4168,1.0,0.0,0.0
11914,0.330419209821,0.668930790179,0.00065
5293,0.999666666667,0.000333333333333,0.0
3374,0.125581703091,0.874418296909,0.0
13055,0.997,0.003,0.0
17759,0.158112325637,0.626808744034,0.215078930329
590,0.066273015873,0.93206031746,0.00166666666667
1353,0.996704800056,0.00329519994367,0.0
11938,0.240333333333,0.223,0.536666666667
1018,0.160077441077,0.430224242424,0.409698316498
14945,0.596690643831,0.403309356169,0.0
1001,0.787205833076,0.212794166924,0.0
3587,0.985333333333,0.00566666666667,0.009
868,1.0,0.0,0.0
9296,0.288666666667,0.0126666666667,0.698666666667
12455,0.970730952381,0.029269047619,0.0
17132,0.894,0.0856666666667,0.0203333333333
10240,1.0,0.0,0.0
3696,0.377,0.477333333333,0.145666666667
10355,0.496939259687,0.502162129392,0.00089861092067
2206,0.15562007807,0.84437992193,0.0
14590,1.0,0.0,0.0
13191,0.987,0.0126666666667,0.000333333333333
5882,1.0,0.0,0.0
12653,0.57738361336,0.42261638664,0.0
1491,0.0997926430993,0.881043590124,0.0191637667763
1176,0.929399216524,0.0569341168091,0.0136666666667
11246,0.0616666666667,0.0446666666667,0.893666666667
14557,0.771505603656,0.168494396344,0.06
4772,0.0385333333333,0.506733333333,0.454733333333
17192,0.698664797483,0.301335202517,0.0
10637,0.906534088841,0.0934659111586,0.0
3281,0.93796503922,0.0620349607805,0.0
3191,0.681666666667,0.293666666667,0.0246666666667
672,0.470649776096,0.529350223904,0.0
6301,0.810742033629,0.189257966371,0.0
10309,0.958346940174,0.0416530598257,0.0
1734,0.787773370148,0.212226629852,0.0
2990,0.550427777778,0.449572222222,0.0
5746,0.364402777778,0.635486111111,0.000111111111111
15289,0.810742033629,0.189257966371,0.0
2971,0.994333333333,0.00566666666667,0.0
9771,0.744428571429,0.116666666667,0.138904761905
11253,0.294718224368,0.692281775632,0.013
14576,0.0726514522108,0.920681881123,0.00666666666667
4688,0.0057876984127,0.00427023809524,0.989942063492
14469,0.557041978545,0.442958021455,0.0
9298,0.939666666667,0.0603333333333,0.0
16099,0.449926382876,0.542406950457,0.00766666666667
17316,0.188641666667,0.490358333333,0.321
15212,1.0,0.0,0.0
10691,0.996773015873,0.00322698412698,0.0
3805,0.977366402116,0.0226335978836,0.0
6418,0.417007874271,0.582992125729,0.0
1158,0.890088982529,0.109911017471,0.0
7768,1.0,0.0,0.0
4834,0.197666666667,0.0316666666667,0.770666666667
10914,0.470649776096,0.529350223904,0.0
14606,0.786131111413,0.20960222192,0.00426666666667
3220,0.882666666667,0.0566666666667,0.0606666666667
10433,0.996890632516,0.00310936748437,0.0
11251,0.0971114670515,0.0112416161616,0.891646916787
8084,0.41367835435,0.58632164565,0.0
522,0.865111111111,0.134888888889,0.0
17299,1.0,0.0,0.0
15587,0.956,0.0306666666667,0.0133333333333
1563,0.523066666667,0.332933333333,0.144
8252,0.591555596508,0.408444403492,0.0
17802,0.456,0.0256666666667,0.518333333333
2738,0.880916666667,0.119083333333,0.0
9896,0.810742033629,0.189257966371,0.0
14609,0.985,0.015,0.0
10463,1.0,0.0,0.0
1280,0.70419250197,0.234141600964,0.0616658970659
977,0.547666666667,0.441666666667,0.0106666666667
979,0.985362513753,0.00874963659635,0.00588784965035
10908,0.838710889437,0.161289110563,0.0
12569,0.266237830688,0.720428835979,0.0133333333333
6078,0.279666666667,0.028,0.692333333333
18339,0.999333333333,0.000666666666667,0.0
13799,0.525467207792,0.432199458874,0.0423333333333
7193,0.213666666667,0.0853333333333,0.701
8243,0.640990790333,0.340361650358,0.018647559309
13622,0.998333333333,0.00166666666667,0.0
5885,0.907974660686,0.0920253393145,0.0
5768,0.937666666667,0.0556666666667,0.00666666666667
632,0.406705622663,0.395123115176,0.198171262161
3314,0.998666666667,0.00133333333333,0.0
3664,0.999280853406,0.000719146594147,0.0
18518,0.810742033629,0.189257966371,0.0
7687,0.995333333333,0.00466666666667,0.0
17889,0.219747842541,0.66900884701,0.111243310449
12943,0.356333333333,0.178666666667,0.465
3581,0.810742033629,0.189257966371,0.0
13802,1.0,0.0,0.0
17702,0.31984973915,0.679816927517,0.000333333333333
12342,0.977579232804,0.0224207671958,0.0
11185,0.999666666667,0.000333333333333,0.0
15675,0.810742033629,0.189257966371,0.0
6716,0.33989369374,0.66010630626,0.0
17790,0.470649776096,0.529350223904,0.0
17791,0.696636783854,0.175221802004,0.128141414141
6145,0.857533839156,0.142466160844,0.0
18237,0.0991001559515,0.739544288493,0.161355555556
10523,0.52007609127,0.465590575397,0.0143333333333
4356,0.0409697089947,0.955696957672,0.00333333333333
7482,0.511693311266,0.488306688734,0.0
5856,0.689844444444,0.144155555556,0.166
5011,0.174333333333,0.0176666666667,0.808
15872,1.0,0.0,0.0
6609,0.713583558328,0.286416441672,0.0
995,0.931666666667,0.0683333333333,0.0
4680,0.985666666667,0.0143333333333,0.0
18327,0.375351286894,0.499456537689,0.125192175417
8484,0.0114605699856,0.988539430014,0.0
16968,0.299307847451,0.453772259657,0.246919892892
8305,0.998757539683,0.00124246031746,0.0
7012,0.99871563978,0.00128436022039,0.0
13465,0.338839351389,0.163536946387,0.497623702224
8375,0.958333333333,0.0416666666667,0.0
15629,0.235423927513,0.764576072487,0.0
12296,0.998458730159,0.00154126984127,0.0
458,0.195333333333,0.0496666666667,0.755
18124,0.0704,0.158431746032,0.771168253968
4430,0.0916666666667,0.483,0.425333333333
14443,0.329362561821,0.667400397072,0.00323704110704
15275,0.615333333333,0.384666666667,0.0
4470,0.187,0.0186666666667,0.794333333333
13831,0.901592592593,0.0984074074074,0.0
7696,0.999,0.001,0.0
15172,0.846666666667,0.118666666667,0.0346666666667
16647,0.993666666667,0.00566666666667,0.000666666666667
14209,0.525648323655,0.448685009678,0.0256666666667
18121,0.832538203463,0.167461796537,0.0
12144,0.470649776096,0.529350223904,0.0
800,0.470649776096,0.529350223904,0.0
13200,0.0261111111111,0.973888888889,0.0
5724,0.154666666667,0.154333333333,0.691
15722,0.84625,0.144916666667,0.00883333333333
6660,0.909125546676,0.0908744533245,0.0
8394,0.356705026455,0.643294973545,0.0
5554,0.512564784851,0.00533333333333,0.482101881816
10381,0.998504761905,0.00149523809524,0.0
15783,0.763866666667,0.236133333333,0.0
10907,0.660774647118,0.315225352882,0.024
11455,0.999666666667,0.000333333333333,0.0
5992,0.164809486347,0.332824785862,0.502365727791
16564,0.115333333333,0.158333333333,0.726333333333
7933,0.317181746032,0.623818253968,0.059
16008,1.0,0.0,0.0
7265,0.638944444444,0.346722222222,0.0143333333333
11095,0.596690643831,0.403309356169,0.0
2181,0.114291666667,0.186494444444,0.699213888889
8845,0.999916666667,8.33333333333e-05,0.0
13617,0.384776657068,0.615223342932,0.0
17228,0.858170238095,0.141829761905,0.0
16321,0.931333333333,0.0686666666667,0.0
14851,0.999666666667,0.000333333333333,0.0
9613,1.0,0.0,0.0
3121,0.906534088841,0.0934659111586,0.0
4840,1.0,0.0,0.0
18216,0.00213782051282,0.997862179487,0.0
17113,0.490333333333,0.509666666667,0.0
4775,0.989666666667,0.00966666666667,0.000666666666667
14105,0.924927879481,0.0746721205187,0.0004
4993,0.336196627447,0.663414483664,0.000388888888889
8901,0.896333333333,0.0506666666667,0.053
15443,0.802095238095,0.197904761905,0.0
435,0.596690643831,0.403309356169,0.0
4595,0.0127949439449,0.984732497132,0.00247255892256
14503,0.908640278823,0.0913597211769,0.0
2191,0.287796253257,0.712203746743,0.0
2163,1.0,0.0,0.0
9987,1.0,0.0,0.0
16234,0.418084126984,0.0646666666667,0.517249206349
3834,0.379666666667,0.0466666666667,0.573666666667
13133,0.669350334391,0.330649665609,0.0
13909,0.435,0.366333333333,0.198666666667
9952,0.823059637984,0.173607028683,0.00333333333333
3666,0.41367835435,0.58632164565,0.0
6072,0.999916666667,8.33333333333e-05,0.0
2936,0.442,0.0416666666667,0.516333333333
6497,0.908188727478,0.0648112725223,0.027
5645,0.683333333333,0.316666666667,0.0
15476,0.636400163392,0.228512904807,0.135086931801
8472,1.0,0.0,0.0
15687,0.660815853101,0.339184146899,0.0
10682,0.958346940174,0.0416530598257,0.0
10772,0.944694444444,0.0553055555556,0.0
8156,0.0278333333333,0.91825,0.0539166666667
10436,0.583333333333,0.356,0.0606666666667
16827,1.0,0.0,0.0
12299,0.00152777777778,0.39007992933,0.608392292892
9258,0.219111111111,0.0521111111111,0.728777777778
4759,0.596690643831,0.403309356169,0.0
8989,0.815583333333,0.184416666667,0.0
14823,0.975666666667,0.0243333333333,0.0
17270,0.502648172198,0.496907383357,0.000444444444444
2005,0.929674294736,0.0703257052636,0.0
15757,1.0,0.0,0.0
14476,0.470649776096,0.529350223904,0.0
17243,0.304611111111,0.579388888889,0.116
3908,0.607963704626,0.390701457735,0.00133483763876
781,1.0,0.0,0.0
5398,0.269666666667,0.596,0.134333333333
2687,0.753935714286,0.220730952381,0.0253333333333
5017,1.0,0.0,0.0
140,0.907214087492,0.092785912508,0.0
14897,1.0,0.0,0.0
1487,0.518138803069,0.301535941959,0.180325254972
18371,0.998,0.002,0.0
10170,1.0,0.0,0.0
3464,0.304333333333,0.275666666667,0.42
1535,0.999385117193,0.000567263759134,4.7619047619e-05
1442,0.924859786605,0.0682614459066,0.00687876748855
7249,0.937618226216,0.0612375924864,0.00114418129763
17510,0.964100662192,0.0355660044748,0.000333333333333
418,0.998,0.002,0.0
16274,0.0496092592593,0.0790818783069,0.871308862434
12497,0.713583558328,0.286416441672,0.0
17309,0.999333333333,0.000666666666667,0.0
3891,0.985,0.0146666666667,0.000333333333333
8437,0.996148148148,0.00385185185185,0.0
9950,0.810742033629,0.189257966371,0.0
5316,0.971255555556,0.0287444444444,0.0
12979,0.57738361336,0.42261638664,0.0
14648,0.951556944444,0.0484430555556,0.0
8194,1.0,0.0,0.0
10386,0.450957259407,0.00455464350464,0.544488097088
12749,0.0673333333333,0.122057946683,0.810608719984
16508,0.939079040404,0.060920959596,0.0
16386,0.934425113828,0.0655748861722,0.0
12933,0.969823611111,0.0301763888889,0.0
2830,0.810742033629,0.189257966371,0.0
11528,0.470649776096,0.529350223904,0.0
15904,1.0,0.0,0.0
16390,0.330419209821,0.668930790179,0.00065
14036,0.995333333333,0.00466666666667,0.0
17215,0.999666666667,0.000333333333333,0.0
14404,0.908354559865,0.0916454401353,0.0
12101,0.495543398268,0.495053162578,0.00940343915344
10812,0.00696666666667,0.993033333333,0.0
4374,0.999333333333,0.000666666666667,0.0
9719,0.417007874271,0.582992125729,0.0
8520,0.000333333333333,0.997502777778,0.00216388888889
15621,0.650333333333,0.292333333333,0.0573333333333
7173,0.16337037037,0.824962962963,0.0116666666667
7544,0.912172222222,0.0754,0.0124277777778
7253,0.746044444444,0.202955555556,0.051
16731,0.694378703036,0.273064286382,0.032557010582
17278,0.510627631273,0.489372368727,0.0
16327,0.989176408022,0.0108235919777,0.0
15845,0.946,0.054,0.0
6750,0.258666666667,0.042,0.699333333333
7674,1.0,0.0,0.0
17416,0.123974206349,0.873025793651,0.003
9050,0.850597619048,0.144069047619,0.00533333333333
8931,0.255666666667,0.719,0.0253333333333
13146,0.215333333333,0.244666666667,0.54
11584,0.807365873016,0.192634126984,0.0
8322,0.596690643831,0.403309356169,0.0
16067,0.259602206127,0.740397793873,0.0
11438,0.831833179783,0.168166820217,0.0
677,0.810742033629,0.189257966371,0.0
7475,0.806183906739,0.183448150509,0.0103679427516
13400,0.903,0.097,0.0
10255,0.664887883516,0.335112116484,0.0
17987,0.916526649093,0.0834733509069,0.0
13651,0.338839351389,0.163536946387,0.497623702224
8226,0.995333333333,0.00466666666667,0.0
7643,0.997003938654,0.00299606134606,0.0
10318,0.229,0.0433333333333,0.727666666667
12382,0.994333333333,0.00566666666667,0.0
2912,0.196333333333,0.223,0.580666666667
2254,0.258091173641,0.239528607504,0.502380218855
13110,0.999333333333,0.000333333333333,0.000333333333333
8355,0.00233333333333,0.997666666667,0.0
10753,0.996333333333,0.00366666666667,0.0
17974,0.375066666667,0.116,0.508933333333
7588,1.0,0.0,0.0
3209,0.996773015873,0.00322698412698,0.0
16325,0.997,0.003,0.0
12009,0.929674294736,0.0703257052636,0.0
7141,0.417007874271,0.582992125729,0.0
7584,0.0910666666667,0.805333333333,0.1036
171,0.627478878722,0.372521121278,0.0
14412,0.9258997114,0.0741002886003,0.0
16111,0.41367835435,0.58632164565,0.0
17959,1.0,0.0,0.0
401,0.858170238095,0.141829761905,0.0
16571,0.287796253257,0.712203746743,0.0
3294,0.336196627447,0.663414483664,0.000388888888889
16220,0.774333333333,0.0423333333333,0.183333333333
2404,0.998715873016,0.00128412698413,0.0
11002,0.867254684635,0.132745315365,0.0
372,0.560086471861,0.397357972583,0.0425555555556
15477,0.994666666667,0.00533333333333,0.0
41,0.75135048756,0.24864951244,0.0
8671,0.998096545818,0.00190345418227,0.0
8129,0.177133333333,0.453,0.369866666667
14683,0.904030482456,0.0959695175439,0.0
9873,0.999,0.001,0.0
13577,0.990452777778,0.00954722222222,0.0
16132,0.998715873016,0.00128412698413,0.0
10100,1.0,0.0,0.0
5629,0.509738202576,0.391875387191,0.0983864102324
16618,0.515869694739,0.484130305261,0.0
16876,0.0793333333333,0.244333333333,0.676333333333
16036,1.0,0.0,0.0
9322,0.800053306878,0.0112989417989,0.188647751323
8549,1.0,0.0,0.0
18132,0.999,0.001,0.0
13487,0.651397640386,0.345986511573,0.00261584804085
6904,0.985362513753,0.00874963659635,0.00588784965035
2799,0.287796253257,0.712203746743,0.0
9694,0.321666666667,0.424333333333,0.254
4417,0.345866460089,0.654133539911,0.0
1494,1.0,0.0,0.0
13929,0.18125,0.78,0.03875
6530,0.142333333333,0.857666666667,0.0
2483,0.993320362556,0.00667963744404,0.0
3301,0.926364533219,0.0736354667806,0.0
11323,0.958346940174,0.0416530598257,0.0
1237,0.603664038739,0.396335961261,0.0
1747,0.487204100529,0.512795899471,0.0
2655,0.851926719577,0.125053571429,0.0230197089947
16310,0.251300428275,0.550108986384,0.198590585341
4173,0.961666666667,0.0383333333333,0.0
17613,0.988186151564,0.0118138484365,0.0
18062,1.0,0.0,0.0
4109,0.470649776096,0.529350223904,0.0
15881,0.890494312169,0.109505687831,0.0
17020,1.0,0.0,0.0
7642,0.594666666667,0.111333333333,0.294
9464,0.93796503922,0.0620349607805,0.0
22,0.902394708995,0.0976052910053,0.0
16394,0.810742033629,0.189257966371,0.0
12854,0.775333333333,0.164333333333,0.0603333333333
5073,0.714258693059,0.285741306941,0.0
2069,1.0,0.0,0.0
8545,0.597938888889,0.402061111111,0.0
10775,0.5957998224,0.4017001776,0.0025
9744,0.970144766621,0.0298552333785,0.0
17138,0.39,0.530333333333,0.0796666666667
16619,0.999666666667,0.000333333333333,0.0
195,0.906534088841,0.0934659111586,0.0
10258,0.417007874271,0.582992125729,0.0
4347,0.563874465812,0.435458867521,0.000666666666667
17587,0.96971984127,0.0302801587302,0.0
3019,0.392564517418,0.442290220081,0.165145262501
18552,0.999666666667,0.000333333333333,0.0
13223,0.46191993976,0.53808006024,0.0
7856,0.989,0.011,0.0
9830,0.470649776096,0.529350223904,0.0
10965,0.627478878722,0.372521121278,0.0
4677,0.252666666667,0.122,0.625333333333
12176,0.371,0.244333333333,0.384666666667
15210,0.354694444444,0.645305555556,0.0
3764,0.829638888889,0.170361111111,0.0
16846,0.713583558328,0.286416441672,0.0
771,0.318421037296,0.00825157435157,0.673327388352
13019,0.191083333333,0.0219166666667,0.787
252,0.38979651233,0.499440343318,0.110763144352
11064,0.753406576559,0.246593423441,0.0
18221,1.0,0.0,0.0
11502,0.906534088841,0.0934659111586,0.0
14392,0.735098829867,0.264901170133,0.0
9541,0.749533333333,0.127466666667,0.123
3206,0.999666666667,0.000333333333333,0.0
1994,0.202,0.201,0.597
17294,0.249583333333,0.74975,0.000666666666667
344,0.995333333333,0.00466666666667,0.0
15404,0.998,0.002,0.0
521,0.827221922892,0.172778077108,0.0
876,0.989,0.011,0.0
7671,0.437326620636,0.562673379364,0.0
3351,1.0,0.0,0.0
11771,0.97587010582,0.0241298941799,0.0
1511,0.066,0.000666666666667,0.933333333333
9265,0.48147962963,0.517964814815,0.000555555555556
7982,1.0,0.0,0.0
14175,0.224172222222,0.774494444444,0.00133333333333
10039,0.908116844267,0.0918831557335,0.0
14091,0.0997460760353,0.630900901335,0.269353022629
16518,1.0,0.0,0.0
10022,1.0,0.0,0.0
11564,0.926666666667,0.0656666666667,0.00766666666667
7125,0.835203428271,0.164796571729,0.0
13985,0.57738361336,0.42261638664,0.0
16442,0.565300914424,0.434699085576,0.0
8894,0.996061111111,0.00393888888889,0.0
12070,0.956630233591,0.0433697664086,0.0
5222,0.929308730159,0.0706912698413,0.0
5035,0.0,1.0,0.0
11720,0.933101707703,0.0668982922975,0.0
2902,0.375351286894,0.499456537689,0.125192175417
16663,0.9258997114,0.0741002886003,0.0
5322,0.205947261997,0.518287807563,0.27576493044
18013,0.341,0.460333333333,0.198666666667
7204,0.987165547928,0.0128344520722,0.0
5241,0.867,0.014,0.119
10289,0.857287000962,0.141990776816,0.000722222222222
2841,1.0,0.0,0.0
799,0.961832453821,0.0381675461793,0.0
1913,0.251,0.379333333333,0.369666666667
4910,0.908116844267,0.0918831557335,0.0
451,0.486486130102,0.512847203231,0.000666666666667
10840,0.375351286894,0.499456537689,0.125192175417
15308,0.142522222222,0.696811111111,0.160666666667
10669,0.374666666667,0.0743333333333,0.551
9628,0.819778672691,0.180221327309,0.0
1010,0.982244419487,0.0177079614655,4.7619047619e-05
11501,0.492923809524,0.39140952381,0.115666666667
12727,0.378557492513,0.621442507487,0.0
13407,1.0,0.0,0.0
11481,0.837186055839,0.162813944161,0.0
7183,0.53095,0.365,0.10405
1066,0.857022558923,0.142977441077,0.0
4010,0.952666666667,0.0473333333333,0.0
13436,1.0,0.0,0.0
13848,1.0,0.0,0.0
15025,0.336815079905,0.663184920095,0.0
3313,0.193914985731,0.806085014269,0.0
13580,0.958346940174,0.0416530598257,0.0
14183,0.906534088841,0.0934659111586,0.0
11433,0.71253505291,0.28746494709,0.0
9442,0.548074158249,0.451925841751,0.0
15,1.0,0.0,0.0
10817,0.992,0.008,0.0
330,0.968262703386,0.031737296614,0.0
17999,0.992,0.008,0.0
6883,0.627761772487,0.368238227513,0.004
7946,0.291333333333,0.708666666667,0.0
2122,0.908354559865,0.0916454401353,0.0
16053,0.99781173167,0.0021882683297,0.0
889,0.997,0.003,0.0
3521,0.787205833076,0.212794166924,0.0
18229,0.272666666667,0.148666666667,0.578666666667
11922,0.99988085676,0.000119143239625,0.0
2870,0.995333333333,0.00466666666667,0.0
4093,0.529,0.443333333333,0.0276666666667
283,0.388825628529,0.446606886748,0.164567484723
10344,0.286137222399,0.713862777601,0.0
531,0.999333333333,0.000666666666667,0.0
2710,0.470649776096,0.529350223904,0.0
8826,0.420198148148,0.540468518519,0.0393333333333
10484,1.0,0.0,0.0
12881,0.033,0.152666666667,0.814333333333
5013,0.451764320314,0.54627334828,0.00196233140538
1189,0.852164466089,0.136796645022,0.0110388888889
7899,0.951986836932,0.0480131630682,0.0
12413,0.997275901876,0.0027240981241,0.0
11046,0.127515906125,0.872484093875,0.0
5834,0.664877873978,0.329666570467,0.00545555555556
14782,0.885045697549,0.114954302451,0.0
9994,0.778666666667,0.221333333333,0.0
147,0.0640101010101,0.109337878788,0.826652020202
2152,1.0,0.0,0.0
3478,0.288,0.406333333333,0.305666666667
8873,0.846898809524,0.124767857143,0.0283333333333
5577,0.0246388532764,0.00810695184445,0.967254194879
12729,0.641992328042,0.320674338624,0.0373333333333
11488,0.0114605699856,0.988539430014,0.0
17901,0.586478556638,0.413188110029,0.000333333333333
650,0.178377514043,0.606931118437,0.21469136752
3127,0.993644444444,0.00635555555556,0.0
3761,0.349564502165,0.591546933622,0.0588885642136
16587,0.014,0.072,0.914
11773,0.172845767196,0.711487566138,0.115666666667
11000,1.0,0.0,0.0
10785,0.815621810896,0.172549945643,0.0118282434613
2280,0.261222222222,0.121888888889,0.616888888889
13306,0.936523987897,0.0634760121025,0.0
14185,0.999666666667,0.000333333333333,0.0
18326,0.178377514043,0.606931118437,0.21469136752
2544,0.998,0.002,0.0
6979,0.810742033629,0.189257966371,0.0
50,0.412666666667,0.489333333333,0.098
11525,0.911666666667,0.037,0.0513333333333
13479,0.405666666667,0.0176666666667,0.576666666667
8865,0.603318598994,0.39642499075,0.00025641025641
14822,0.178377514043,0.606931118437,0.21469136752
9763,0.958346940174,0.0416530598257,0.0
2129,0.470649776096,0.529350223904,0.0
13332,0.995,0.005,0.0
7082,0.985666666667,0.0143333333333,0.0
7783,0.426799353149,0.548466206832,0.0247344400192
7202,0.958346940174,0.0416530598257,0.0
18223,0.928666666667,0.0713333333333,0.0
6631,0.782320349558,0.12557790034,0.0921017501018
14666,0.999333333333,0.000666666666667,0.0
4432,1.0,0.0,0.0
6566,0.999666666667,0.000333333333333,0.0
11828,0.563206349206,0.188793650794,0.248
3485,0.834852236652,0.164814430014,0.000333333333333
17499,0.978055555556,0.0219444444444,0.0
5855,0.026,0.945272222222,0.0287277777778
15165,1.0,0.0,0.0
4574,0.968572222222,0.0181666666667,0.0132611111111
9316,0.978338888889,0.00713333333333,0.0145277777778
17011,1.0,0.0,0.0
12002,0.403239182274,0.57004362364,0.0267171940862
17674,1.0,0.0,0.0
232,1.0,0.0,0.0
5584,0.41367835435,0.58632164565,0.0
18310,0.437326620636,0.562673379364,0.0
5677,0.186333333333,0.0306666666667,0.783
18145,1.0,0.0,0.0
3086,0.699778058765,0.300221941235,0.0
15184,0.525555555556,0.0681111111111,0.406333333333
16348,0.660815853101,0.339184146899,0.0
17675,0.965388888889,0.0346111111111,0.0
3074,1.0,0.0,0.0
3355,0.961185714286,0.00415873015873,0.0346555555556
9764,0.476044444444,0.522955555556,0.001
4951,0.578033333333,0.0666666666667,0.3553
11942,0.984,0.016,0.0
3983,0.714258693059,0.285741306941,0.0
3344,0.357759259259,0.642018518519,0.000222222222222
8511,0.497307121337,0.253053448322,0.249639430341
14693,0.598966901633,0.401033098367,0.0
16480,1.0,0.0,0.0
13782,1.0,0.0,0.0
4869,0.945645596996,0.0543544030044,0.0
1459,0.999096385423,0.000903614577144,0.0
10674,0.325722222222,0.259,0.415277777778
16104,0.996,0.004,0.0
16927,0.987110787278,0.0128892127217,0.0
11812,0.228666666667,0.116666666667,0.654666666667
12488,0.831,0.168,0.001
6612,0.9902996115,0.00970038850039,0.0
10000,0.780929167479,0.219070832521,0.0
10605,0.950701328287,0.0492986717131,0.0
18523,0.405911669812,0.594088330188,0.0
11708,0.999916666667,8.33333333333e-05,0.0
12948,1.0,0.0,0.0
7825,0.973055576582,0.0269444234177,0.0
14772,0.86386984127,0.13613015873,0.0
15734,0.810742033629,0.189257966371,0.0
17023,0.361232046614,0.16703589597,0.471732057416
15114,0.674758382467,0.325241617533,0.0
4467,0.304666666667,0.504333333333,0.191
16520,0.336815079905,0.663184920095,0.0
17367,0.699778058765,0.300221941235,0.0
4580,1.0,0.0,0.0
6154,0.988666666667,0.0113333333333,0.0
1088,0.747246988578,0.191239336263,0.0615136751593
15595,0.724350638738,0.0890795928352,0.186569768427
10063,0.89244583547,0.10755416453,0.0
7395,0.810742033629,0.189257966371,0.0
2509,0.762118597116,0.237881402884,0.0
15619,0.961666666667,0.0383333333333,0.0
10987,0.241455555556,0.744877777778,0.0136666666667
4564,0.946358333333,0.0536416666667,0.0
17483,0.85937540885,0.14062459115,0.0
16410,0.218458465608,0.0887082010582,0.692833333333
14723,0.762118597116,0.237881402884,0.0
1036,0.94106482499,0.0582685083435,0.000666666666667
4405,1.0,0.0,0.0
7491,0.185753011803,0.814246988197,0.0
14451,0.0829571428571,0.917042857143,0.0
18335,0.0463333333333,0.0733333333333,0.880333333333
15069,0.313,0.07,0.617
2328,0.437326620636,0.562673379364,0.0
17635,0.668,0.014,0.318
16784,0.857533839156,0.142466160844,0.0
230,0.664887883516,0.335112116484,0.0
8896,0.395333333333,0.604333333333,0.000333333333333
14835,0.512734180003,0.395932486664,0.0913333333333
9983,0.627905283605,0.372094716395,0.0
12133,0.99,0.006,0.004
10893,0.628068926444,0.371931073556,0.0
10904,0.906534088841,0.0934659111586,0.0
3087,0.219747842541,0.66900884701,0.111243310449
1254,0.907,0.093,0.0
3402,0.285811111111,0.555522222222,0.158666666667
16362,0.75,0.00633333333333,0.243666666667
14681,1.0,0.0,0.0
16420,0.956630233591,0.0433697664086,0.0
1559,0.979726123994,0.0202738760055,0.0
8700,0.999279658305,0.000720341695342,0.0
15452,0.810742033629,0.189257966371,0.0
13565,1.0,0.0,0.0
628,0.605090873016,0.00721865079365,0.38769047619
5344,0.701666666667,0.0305555555556,0.267777777778
15163,0.669619969246,0.315479969433,0.0149000613215
10766,0.998333333333,0.001,0.000666666666667
16380,0.750875,0.207997222222,0.0411277777778
7770,1.0,0.0,0.0
5412,0.810742033629,0.189257966371,0.0
12885,0.906534088841,0.0934659111586,0.0
11332,0.997333333333,0.00266666666667,0.0
17718,0.780777777778,0.205222222222,0.014
2780,1.0,0.0,0.0
7411,0.596690643831,0.403309356169,0.0
4038,0.810742033629,0.189257966371,0.0
219,0.933083333333,0.06325,0.00366666666667
382,0.766267891226,0.233732108774,0.0
5134,0.153787491158,0.819545842175,0.0266666666667
8782,0.104603354516,0.606872222222,0.288524423262
13297,0.97,0.03,0.0
5655,0.0246388532764,0.00810695184445,0.967254194879
12,0.906534088841,0.0934659111586,0.0
18437,1.0,0.0,0.0
15061,0.41367835435,0.58632164565,0.0
17179,0.596333333333,0.0653333333333,0.338333333333
15394,0.605,0.222333333333,0.172666666667
13302,0.978785671513,0.0170983692642,0.00411595922328
16908,0.999920965575,7.90344247861e-05,0.0
11829,1.0,0.0,0.0
18236,0.0819444444444,0.912055555556,0.006
14617,0.810742033629,0.189257966371,0.0
1837,0.983472222222,0.0165277777778,0.0
13734,0.290466666667,0.371866666667,0.337666666667
14894,0.948079798593,0.0519202014073,0.0
12703,1.0,0.0,0.0
17190,0.135708106002,0.847625227331,0.0166666666667
14704,0.162666666667,0.327,0.510333333333
11412,0.999666666667,0.000333333333333,0.0
8880,0.0925218975469,0.32725,0.580228102453
10855,0.635666666667,0.0716666666667,0.292666666667
2636,0.265,0.046,0.689
15890,0.906534088841,0.0934659111586,0.0
11288,0.856316150489,0.143683849511,0.0
2037,0.703144539803,0.296855460197,0.0
13921,0.857292460317,0.142707539683,0.0
5640,0.896724937952,0.103275062048,0.0
11354,0.908116844267,0.0918831557335,0.0
17161,0.881181349206,0.118818650794,0.0
14317,1.0,0.0,0.0
13513,0.361,0.0656666666667,0.573333333333
18208,0.307777777778,0.467222222222,0.225
2020,0.85718748394,0.14281251606,0.0
4801,0.907214087492,0.092785912508,0.0
12728,0.996333333333,0.00366666666667,0.0
9614,0.235423927513,0.764576072487,0.0
1259,0.0504172169148,0.123138338641,0.826444444444
9799,0.944244244341,0.0557557556593,0.0
595,0.506666666667,0.477333333333,0.016
13916,0.995370158081,0.00462984191921,0.0
2072,0.104333333333,0.0719166666667,0.82375
3373,0.979529375982,0.0204706240176,0.0
9684,0.596690643831,0.403309356169,0.0
9159,0.0396666666667,0.0316666666667,0.928666666667
13478,0.682873015873,0.317126984127,0.0
14729,1.0,0.0,0.0
10918,0.998971431995,0.00102856800492,0.0
11611,0.219747842541,0.66900884701,0.111243310449
17819,0.59974950975,0.40025049025,0.0
17274,0.189817460317,0.793626984127,0.0165555555556
253,0.151,0.151,0.698
10504,0.939,0.056,0.005
13012,0.237666666667,0.718666666667,0.0436666666667
15828,0.99,0.01,0.0
18056,1.0,0.0,0.0
11009,0.958346940174,0.0416530598257,0.0
13653,0.8872835293,0.1127164707,0.0
8329,0.318333333333,0.0333333333333,0.648333333333
156,0.810742033629,0.189257966371,0.0
18014,0.932155428642,0.0678445713584,0.0
2014,0.46898454416,0.353682122507,0.177333333333
1122,0.999916666667,8.33333333333e-05,0.0
17329,0.44517101798,0.554162315354,0.000666666666667
2877,0.929,0.071,0.0
10125,0.629578584759,0.370421415241,0.0
5972,0.993,0.00566666666667,0.00133333333333
4957,0.760620526696,0.239379473304,0.0
8501,0.622983333333,0.25735,0.119666666667
18417,0.234666666667,0.684,0.0813333333333
4012,0.944,0.056,0.0
13575,1.0,0.0,0.0
14546,0.810742033629,0.189257966371,0.0
12403,1.0,0.0,0.0
236,1.0,0.0,0.0
15805,0.0236671335201,0.97633286648,0.0
1052,0.972327777778,0.0270055555556,0.000666666666667
15084,0.891183042515,0.102157092846,0.00665986463885
11239,0.81996969697,0.18003030303,0.0
6191,0.627478878722,0.372521121278,0.0
11792,0.92464561814,0.0753543818601,0.0
16090,0.787205833076,0.212794166924,0.0
8843,0.997666666667,0.00233333333333,0.0
12914,0.288814345839,0.711185654161,0.0
8345,0.46191993976,0.53808006024,0.0
16801,0.998666666667,0.0,0.00133333333333
14459,0.352666666667,0.596666666667,0.0506666666667
13139,0.596690643831,0.403309356169,0.0
7026,0.338030604595,0.596942792531,0.0650266028736
6008,0.700314285714,0.290352380952,0.00933333333333
18090,1.0,0.0,0.0
18514,0.470649776096,0.529350223904,0.0
267,0.0638952380952,0.936104761905,0.0
9410,0.999764550265,0.00023544973545,0.0
1202,0.908640278823,0.0913597211769,0.0
4346,0.995666666667,0.00433333333333,0.0
3589,0.934425113828,0.0655748861722,0.0
6613,0.876560997132,0.112439002868,0.011
10139,0.810742033629,0.189257966371,0.0
554,0.355247643098,0.600419023569,0.0443333333333
13876,0.935,0.065,0.0
8173,0.251438434713,0.00300262515263,0.745558940134
15205,0.990333333333,0.00966666666667,0.0
3010,0.999333333333,0.000666666666667,0.0
14580,0.810742033629,0.189257966371,0.0
8113,1.0,0.0,0.0
9485,0.8417499297,0.1582500703,0.0
18517,1.0,0.0,0.0
15395,1.0,0.0,0.0
3223,0.993320362556,0.00667963744404,0.0
13016,0.856112215846,0.143887784154,0.0
9819,0.996704800056,0.00329519994367,0.0
12485,1.0,0.0,0.0
12664,0.517033644923,0.482966355077,0.0
10761,0.235423927513,0.764576072487,0.0
4787,0.982969302838,0.0170306971623,0.0
2376,0.170054048729,0.829945951271,0.0
9858,0.506411243386,0.493588756614,0.0
18112,1.0,0.0,0.0
5833,0.332375631114,0.667624368886,0.0
14234,0.847418253968,0.152581746032,0.0
12547,0.518138803069,0.301535941959,0.180325254972
1683,0.526666666667,0.0206666666667,0.452666666667
3177,0.252966666667,0.346333333333,0.4007
5131,0.645259233359,0.354740766641,0.0
2989,0.417007874271,0.582992125729,0.0
18268,0.751794636845,0.247538696489,0.000666666666667
8165,0.483565656566,0.400767676768,0.115666666667
14193,0.832861971595,0.167138028405,0.0
14202,0.999243589744,0.00075641025641,0.0
8788,1.0,0.0,0.0
1273,1.0,0.0,0.0
1013,0.957357293034,0.0426427069662,0.0
10073,0.00475335775336,0.995246642247,0.0
5234,1.0,0.0,0.0
354,0.753406576559,0.246593423441,0.0
17030,0.830820916184,0.169179083816,0.0
17496,1.0,0.0,0.0
13772,0.819343121693,0.180484038801,0.000172839506173
7863,0.180596068746,0.782070597921,0.0373333333333
18447,0.146,0.614666666667,0.239333333333
10466,0.219333333333,0.00866666666667,0.772
9902,1.0,0.0,0.0
1093,0.437326620636,0.562673379364,0.0
16271,0.504089898283,0.495910101717,0.0
4584,0.916526649093,0.0834733509069,0.0
3335,0.0141340057088,0.982296507595,0.00356948669665
10695,0.0,1.0,0.0
9569,0.591991727717,0.406532454582,0.00147581770082
791,0.93639165543,0.0524416779036,0.0111666666667
101,0.93430014615,0.0656998538499,0.0
9332,0.88483049501,0.0720171961873,0.0431523088023
10287,0.577496416546,0.355003583454,0.0675
6086,0.596690643831,0.403309356169,0.0
16461,0.655549603175,0.212117063492,0.132333333333
12443,0.614333333333,0.266333333333,0.119333333333
7440,1.0,0.0,0.0
9773,0.268333333333,0.0973333333333,0.634333333333
8518,1.0,0.0,0.0
9030,0.58,0.250333333333,0.169666666667
1461,0.244984379509,0.752460064935,0.00255555555556
15802,0.961666666667,0.0383333333333,0.0
10281,0.596690643831,0.403309356169,0.0
3712,0.319333333333,0.640333333333,0.0403333333333
14320,1.0,0.0,0.0
7285,0.890144047619,0.104855952381,0.005
8532,0.472834429677,0.527165570323,0.0
13861,0.774305291005,0.179676190476,0.0460185185185
15669,0.673981709957,0.205550565176,0.120467724868
9515,0.998333333333,0.00166666666667,0.0
5699,0.77925,0.199083333333,0.0216666666667
13087,0.360333333333,0.244,0.395666666667
2036,0.0123333333333,0.258,0.729666666667
13603,0.999666666667,0.000333333333333,0.0
1649,0.998563305657,0.00143669434281,0.0
11935,0.989,0.011,0.0
18051,0.386666666667,0.0823333333333,0.531
2127,0.596690643831,0.403309356169,0.0
9765,0.251179089429,0.445344153069,0.303476757502
655,0.135483523741,0.823160920704,0.0413555555556
12963,0.504538095238,0.495461904762,0.0
13450,0.999333333333,0.000666666666667,0.0
16279,0.0215540903541,0.00166666666667,0.976779242979
17945,0.378557492513,0.621442507487,0.0
8823,0.26730527352,0.706912846399,0.0257818800815
1772,0.227666666667,0.041,0.731333333333
17523,0.256810514944,0.366571470994,0.376618014062
12404,0.0540277777778,0.352666666667,0.593305555556
6179,1.0,0.0,0.0
13531,0.79774493377,0.20225506623,0.0
3588,0.84872531265,0.15127468735,0.0
9429,0.58249142856,0.41750857144,0.0
7175,0.0835505587181,0.913120305926,0.0033291353559
7452,0.376200094214,0.623799905786,0.0
1200,0.294,0.663,0.043
12298,1.0,0.0,0.0
6189,0.218496231629,0.781503768371,0.0
1181,0.926261375661,0.0737386243386,0.0
10469,0.951777777778,0.0482222222222,0.0
5760,1.0,0.0,0.0
16232,0.997,0.0,0.003
11345,0.682252845521,0.316969376701,0.000777777777778
4602,0.999333333333,0.000666666666667,0.0
7363,0.878696811957,0.0876365213762,0.0336666666667
10688,0.245666666667,0.661,0.0933333333333
13870,0.201,0.00266666666667,0.796333333333
915,0.999666666667,0.000333333333333,0.0
8260,0.995666666667,0.00433333333333,0.0
7376,0.982,0.018,0.0
1862,1.0,0.0,0.0
16179,0.134319371369,0.850013961964,0.0156666666667
512,0.470649776096,0.529350223904,0.0
12553,1.0,0.0,0.0
17710,1.0,0.0,0.0
5309,0.129548912199,0.870451087801,0.0
2800,0.673558592504,0.326441407496,0.0
16338,0.762241199324,0.237758800676,0.0
6193,1.0,0.0,0.0
11749,0.478843722944,0.520822943723,0.000333333333333
5076,0.862988891664,0.0466777750028,0.0903333333333
14174,0.906534088841,0.0934659111586,0.0
1870,0.475555555556,0.0145972222222,0.509847222222
10919,0.971666666667,0.0283333333333,0.0
7089,0.897950384248,0.102049615752,0.0
2023,0.607569185444,0.198464763015,0.193966051541
17572,0.999666666667,0.0,0.000333333333333
15937,0.849805555556,0.132527777778,0.0176666666667
9940,0.0713333333333,0.0296666666667,0.899
13047,0.999333333333,0.0,0.000666666666667
7548,0.758844444444,0.240822222222,0.000333333333333
10373,0.350533333333,0.232133333333,0.417333333333
930,1.0,0.0,0.0
10215,0.978333333333,0.0216666666667,0.0
744,0.810742033629,0.189257966371,0.0
16854,0.57738361336,0.42261638664,0.0
12956,0.847666666667,0.152333333333,0.0
14205,0.760979203204,0.239020796796,0.0
1894,0.510646151996,0.245244516595,0.244109331409
6549,0.339333333333,0.658,0.00266666666667
6430,0.437326620636,0.562673379364,0.0
5999,0.810742033629,0.189257966371,0.0
15999,0.41367835435,0.58632164565,0.0
16236,1.0,0.0,0.0
16282,0.996333333333,0.00366666666667,0.0
2487,0.242333333333,0.0156666666667,0.742
3969,0.00275,0.020225,0.977025
117,0.591991727717,0.406532454582,0.00147581770082
14122,0.933333333333,0.0666666666667,0.0
14135,0.600786643912,0.399213356088,0.0
1637,0.991666666667,0.00833333333333,0.0
7707,0.985677777778,0.0143222222222,0.0
4528,0.946866269841,0.0531337301587,0.0
6200,0.9985,0.0015,0.0
13119,1.0,0.0,0.0
5512,0.559490869316,0.435967860843,0.00454126984127
3955,0.889267063492,0.110732936508,0.0
5617,0.887615873016,0.111717460317,0.000666666666667
942,0.997283597884,0.0027164021164,0.0
2172,0.571177256921,0.428822743079,0.0
18390,0.948333333333,0.0516666666667,0.0
3961,0.0171111111111,0.108,0.874888888889
4150,0.810742033629,0.189257966371,0.0
8191,1.0,0.0,0.0
15520,0.0396666666667,0.958333333333,0.002
11898,1.0,0.0,0.0
5489,0.676333333333,0.088,0.235666666667
15038,1.0,0.0,0.0
7964,1.0,0.0,0.0
3779,0.97527880141,0.0247211985905,0.0
13285,0.261614263016,0.738385736984,0.0
8110,0.625,0.370666666667,0.00433333333333
15417,0.906534088841,0.0934659111586,0.0
739,0.99895,0.00015,0.0009
7741,0.129,0.287666666667,0.583333333333
1801,0.508666666667,0.489666666667,0.00166666666667
8015,0.830666666667,0.169333333333,0.0
10878,0.548,0.096,0.356
9275,0.264177311577,0.735822688423,0.0
10184,1.0,0.0,0.0
7895,0.503851972102,0.495355567581,0.00079246031746
736,0.531,0.344666666667,0.124333333333
9790,0.939079917305,0.0609200826951,0.0
9553,0.0616666666667,0.0446666666667,0.893666666667
2833,0.86299457672,0.13700542328,0.0
7195,0.993320362556,0.00667963744404,0.0
1450,1.0,0.0,0.0
1348,0.619918498821,0.371081501179,0.009
9646,0.678010401635,0.321989598365,0.0
8733,0.287801170992,0.712198829008,0.0
8715,0.983922222222,0.00807777777778,0.008
14000,0.929720634921,0.0702793650794,0.0
12152,0.627516666667,0.0478888888889,0.324594444444
7977,0.284404138454,0.619883980834,0.0957118807119
11579,0.221905555556,0.585427777778,0.192666666667
14377,0.891666666667,0.108333333333,0.0
17048,0.779759301753,0.220240698247,0.0
14460,0.834330100237,0.165669899763,0.0
17018,1.0,0.0,0.0
13982,0.806133226115,0.193866773885,0.0
9092,0.482536111111,0.517463888889,0.0
15543,0.793337925943,0.0813287407238,0.125333333333
13485,0.713583558328,0.286416441672,0.0
8303,0.121,0.122333333333,0.756666666667
6830,0.977366402116,0.0226335978836,0.0
13293,0.99871563978,0.00128436022039,0.0
15853,0.730333333333,0.264333333333,0.00533333333333
5109,0.061,0.002,0.937
6677,0.699778058765,0.300221941235,0.0
3439,0.682252845521,0.316969376701,0.000777777777778
13121,0.204578960854,0.795421039146,0.0
15484,0.438734848485,0.238848484848,0.322416666667
12964,0.828692121003,0.171307878997,0.0
3710,0.848333333333,0.151666666667,0.0
