id,predict_0,predict_1,predict_2
2,0.928,0.0713333333333333,0.000666666666666667
3,0.162666666666667,0.795333333333333,0.042
4,0.764,0.206,0.03
7,0.272,0.664666666666667,0.0633333333333333
9,0.118666666666667,0.585333333333333,0.296
10,0.956666666666667,0.0426666666666667,0.000666666666666667
11,0.42,0.58,0
12,0.67,0.266,0.064
14,0.272,0.724666666666667,0.00333333333333333
15,0.757333333333333,0.242666666666667,0
16,0.0926666666666667,0.760666666666667,0.146666666666667
17,0.312,0.687333333333333,0.000666666666666667
18,0.999333333333333,0.000666666666666667,0
21,0.102666666666667,0.738666666666667,0.158666666666667
22,0.984,0.016,0
25,0.536666666666667,0.455333333333333,0.008
30,0.958666666666667,0.0406666666666667,0.000666666666666667
32,0.150666666666667,0.849333333333333,0
34,0.273333333333333,0.430666666666667,0.296
35,0.100666666666667,0.896,0.00333333333333333
36,0.846666666666667,0.153333333333333,0
37,0.888666666666667,0.108666666666667,0.00266666666666667
39,0.65,0.201333333333333,0.148666666666667
40,0.362666666666667,0.35,0.287333333333333
41,0.529333333333333,0.470666666666667,0
42,0.122,0.873333333333333,0.00466666666666667
45,0.106,0.190666666666667,0.703333333333333
46,0.985333333333333,0.014,0.000666666666666667
47,0.746,0.25,0.004
48,0.0893333333333333,0.101333333333333,0.809333333333333
50,0.261333333333333,0.576,0.162666666666667
51,0.06,0.933333333333333,0.00666666666666667
52,0.998,0.002,0
56,0.455333333333333,0.54,0.00466666666666667
58,0.513333333333333,0.466,0.0206666666666667
62,0.988,0.012,0
63,0.994666666666667,0.00333333333333333,0.002
65,0.109333333333333,0.185333333333333,0.705333333333333
66,0.134666666666667,0.185333333333333,0.68
70,0.179333333333333,0.235333333333333,0.585333333333333
71,0.969333333333333,0.0293333333333333,0.00133333333333333
72,0.160666666666667,0.708666666666667,0.130666666666667
73,0.965333333333333,0.0346666666666667,0
74,0.270666666666667,0.729333333333333,0
76,0.882666666666667,0.117333333333333,0
77,0.787333333333333,0.176666666666667,0.036
78,0.146666666666667,0.370666666666667,0.482666666666667
82,0.104,0.885333333333333,0.0106666666666667
85,0.29,0.324666666666667,0.385333333333333
86,0.999333333333333,0.000666666666666667,0
87,0.62,0.352,0.028
95,0.998,0.002,0
96,0.168666666666667,0.0446666666666667,0.786666666666667
97,0.34,0.0853333333333333,0.574666666666667
98,0.993333333333333,0.00666666666666667,0
100,0.926666666666667,0.0173333333333333,0.056
101,0.696,0.303333333333333,0.000666666666666667
102,0.981333333333333,0.018,0.000666666666666667
103,0.294,0.696666666666667,0.00933333333333333
106,0.432666666666667,0.0713333333333333,0.496
108,0.0706666666666667,0.929333333333333,0
109,0.840666666666667,0.153333333333333,0.006
110,0.814666666666667,0.182,0.00333333333333333
113,0.387333333333333,0.280666666666667,0.332
114,0.823333333333333,0.17,0.00666666666666667
116,0.897333333333333,0.04,0.0626666666666667
117,0.378,0.290666666666667,0.331333333333333
118,0.186666666666667,0.804666666666667,0.00866666666666667
121,0.574,0.425333333333333,0.000666666666666667
122,0.954666666666667,0.0413333333333333,0.004
123,0.836666666666667,0.146666666666667,0.0166666666666667
124,0.966666666666667,0.0333333333333333,0
126,0.198666666666667,0.798,0.00333333333333333
127,0.516666666666667,0.481333333333333,0.002
128,0.731333333333333,0.142666666666667,0.126
133,0.329333333333333,0.576,0.0946666666666667
136,0.0586666666666667,0.340666666666667,0.600666666666667
137,0.586,0.414,0
140,0.434666666666667,0.539333333333333,0.026
141,0.0653333333333333,0.934666666666667,0
143,0.484,0.479333333333333,0.0366666666666667
144,0.966666666666667,0.0333333333333333,0
145,0.0446666666666667,0.0306666666666667,0.924666666666667
147,0.173333333333333,0.0966666666666667,0.73
148,0.126,0.874,0
150,0.305333333333333,0.691333333333333,0.00333333333333333
151,0.672666666666667,0.285333333333333,0.042
153,0.931333333333333,0.058,0.0106666666666667
155,0.920666666666667,0.0793333333333333,0
156,0.824666666666667,0.172666666666667,0.00266666666666667
160,0.189333333333333,0.802,0.00866666666666667
163,0.0866666666666667,0.380666666666667,0.532666666666667
164,0.420666666666667,0.574666666666667,0.00466666666666667
165,0.650666666666667,0.237333333333333,0.112
166,0.969333333333333,0.03,0.000666666666666667
167,0.601333333333333,0.052,0.346666666666667
168,0.972,0.028,0
169,0.692666666666667,0.305333333333333,0.002
170,0.0806666666666667,0.0193333333333333,0.9
171,0.178,0.822,0
172,0.0646666666666667,0.038,0.897333333333333
173,0.236,0.752,0.012
174,0.102,0.608666666666667,0.289333333333333
175,0.748666666666667,0.244666666666667,0.00666666666666667
176,0.106666666666667,0.247333333333333,0.646
180,0.786,0.211333333333333,0.00266666666666667
181,0.0833333333333333,0.0406666666666667,0.876
182,0.0446666666666667,0.948666666666667,0.00666666666666667
185,0.345333333333333,0.654,0.000666666666666667
186,0.950666666666667,0.0446666666666667,0.00466666666666667
187,0.742666666666667,0.228,0.0293333333333333
189,0.127333333333333,0.850666666666667,0.022
192,0.0786666666666667,0.921333333333333,0
194,0.885333333333333,0.114666666666667,0
195,0.602,0.389333333333333,0.00866666666666667
197,0.982666666666667,0.016,0.00133333333333333
198,0.751333333333333,0.248666666666667,0
201,0.998666666666667,0.00133333333333333,0
202,0.373333333333333,0.479333333333333,0.147333333333333
203,0.89,0.103333333333333,0.00666666666666667
205,0.883333333333333,0.112666666666667,0.004
208,0.344,0.578666666666667,0.0773333333333333
209,0.362,0.636,0.002
210,0.126,0.311333333333333,0.562666666666667
211,0.883333333333333,0.0406666666666667,0.076
214,0.853333333333333,0.145333333333333,0.00133333333333333
215,0.553333333333333,0.203333333333333,0.243333333333333
216,0.282666666666667,0.710666666666667,0.00666666666666667
218,0.106,0.884666666666667,0.00933333333333333
219,0.722666666666667,0.176666666666667,0.100666666666667
220,0.207333333333333,0.769333333333333,0.0233333333333333
222,0.117333333333333,0.812666666666667,0.07
224,0.0286666666666667,0.96,0.0113333333333333
226,0.8,0.179333333333333,0.0206666666666667
228,0.09,0.91,0
229,0.0593333333333333,0.0786666666666667,0.862
230,0.458,0.541333333333333,0.000666666666666667
231,0.922,0.0766666666666667,0.00133333333333333
232,0.942,0.058,0
233,0.984666666666667,0.0133333333333333,0.002
235,0.993333333333333,0.00666666666666667,0
236,0.988666666666667,0.0113333333333333,0
237,0.533333333333333,0.22,0.246666666666667
241,0.984666666666667,0.0153333333333333,0
244,0.498666666666667,0.500666666666667,0.000666666666666667
245,0.502,0.496666666666667,0.00133333333333333
246,0.364666666666667,0.585333333333333,0.05
249,0.506,0.493333333333333,0.000666666666666667
250,0.257333333333333,0.626,0.116666666666667
252,0.377333333333333,0.53,0.0926666666666667
253,0.058,0.0606666666666667,0.881333333333333
254,0.698,0.084,0.218
255,0.437333333333333,0.538,0.0246666666666667
258,0.78,0.211333333333333,0.00866666666666667
261,0.0826666666666667,0.884666666666667,0.0326666666666667
264,0.0126666666666667,0.0673333333333333,0.92
267,0.0333333333333333,0.956,0.0106666666666667
268,0.232,0.744666666666667,0.0233333333333333
271,0.342,0.638,0.02
273,0.999333333333333,0.000666666666666667,0
276,0.996,0.004,0
277,0.926666666666667,0.07,0.00333333333333333
278,0.659333333333333,0.340666666666667,0
280,0.994666666666667,0.00466666666666667,0.000666666666666667
281,0.538,0.462,0
282,0.850666666666667,0.13,0.0193333333333333
283,0.276666666666667,0.648,0.0753333333333333
285,0.436666666666667,0.558,0.00533333333333333
286,0.949333333333333,0.0506666666666667,0
287,0.17,0.760666666666667,0.0693333333333333
288,0.768666666666667,0.18,0.0513333333333333
289,0.971333333333333,0.0206666666666667,0.008
291,0.209333333333333,0.00333333333333333,0.787333333333333
294,0.182666666666667,0.649333333333333,0.168
298,0.557333333333333,0.412666666666667,0.03
301,0.727333333333333,0.170666666666667,0.102
303,0.999333333333333,0.000666666666666667,0
304,0.542,0.457333333333333,0.000666666666666667
305,0.168,0.825333333333333,0.00666666666666667
307,0.149333333333333,0.249333333333333,0.601333333333333
308,0.168666666666667,0.601333333333333,0.23
309,0.300666666666667,0.336666666666667,0.362666666666667
310,0.154666666666667,0.779333333333333,0.066
311,0.366,0.597333333333333,0.0366666666666667
312,0.173333333333333,0.706666666666667,0.12
314,0.99,0.01,0
316,0.676666666666667,0.308666666666667,0.0146666666666667
318,0.99,0.00933333333333333,0.000666666666666667
322,0.0886666666666667,0.854,0.0573333333333333
324,0.975333333333333,0.024,0.000666666666666667
325,0.144,0.096,0.76
326,0.468666666666667,0.531333333333333,0
328,0.538,0.461333333333333,0.000666666666666667
329,0.153333333333333,0.718666666666667,0.128
330,0.274,0.726,0
331,1,0,0
332,1,0,0
333,0.211333333333333,0.788666666666667,0
335,0.303333333333333,0.696666666666667,0
336,0.442666666666667,0.54,0.0173333333333333
337,0.0593333333333333,0.935333333333333,0.00533333333333333
340,0.144,0.0313333333333333,0.824666666666667
342,0.0526666666666667,0.00266666666666667,0.944666666666667
344,0.994,0.006,0
346,0.992,0.008,0
347,0.693333333333333,0.298,0.00866666666666667
349,0.822,0.178,0
351,0.654,0.346,0
352,1,0,0
353,0.989333333333333,0.0106666666666667,0
354,0.404,0.594666666666667,0.00133333333333333
356,0.691333333333333,0.306666666666667,0.002
359,0.0966666666666667,0.644,0.259333333333333
361,0.542,0.458,0
362,0.970666666666667,0.0293333333333333,0
365,0.866666666666667,0.126666666666667,0.00666666666666667
366,0.597333333333333,0.380666666666667,0.022
367,0.216666666666667,0.778666666666667,0.00466666666666667
368,0.538666666666667,0.460666666666667,0.000666666666666667
369,0.284,0.709333333333333,0.00666666666666667
370,0.195333333333333,0.802666666666667,0.002
372,0.488666666666667,0.493333333333333,0.018
374,0.924666666666667,0.074,0.00133333333333333
375,0.446,0.436,0.118
376,0.052,0.214666666666667,0.733333333333333
378,0.0566666666666667,0.925333333333333,0.018
380,0.994666666666667,0.00533333333333333,0
382,0.922666666666667,0.0766666666666667,0.000666666666666667
383,0.752,0.246666666666667,0.00133333333333333
384,0.184,0.816,0
386,0.0413333333333333,0.0206666666666667,0.938
388,0.998666666666667,0.00133333333333333,0
389,0.739333333333333,0.0526666666666667,0.208
390,0.921333333333333,0.0786666666666667,0
393,0.378,0.486,0.136
394,0.256,0.226,0.518
395,0.230666666666667,0.729333333333333,0.04
396,0.0473333333333333,0.0386666666666667,0.914
398,0.270666666666667,0.72,0.00933333333333333
399,0.142,0.847333333333333,0.0106666666666667
401,0.720666666666667,0.262666666666667,0.0166666666666667
402,0.562666666666667,0.436666666666667,0.000666666666666667
404,0.902666666666667,0.0973333333333333,0
405,0.923333333333333,0.0766666666666667,0
407,0.268,0.732,0
410,0.345333333333333,0.654666666666667,0
414,0.16,0.798666666666667,0.0413333333333333
416,0.151333333333333,0.818,0.0306666666666667
418,1,0,0
419,0.21,0.361333333333333,0.428666666666667
422,0.510666666666667,0.489333333333333,0
423,0.849333333333333,0.115333333333333,0.0353333333333333
425,0.953333333333333,0.0466666666666667,0
426,0.682666666666667,0.317333333333333,0
427,0.994666666666667,0.00466666666666667,0.000666666666666667
428,0.173333333333333,0.816666666666667,0.01
431,0.354666666666667,0.645333333333333,0
433,0.479333333333333,0.516,0.00466666666666667
434,0.9,0.1,0
435,0.953333333333333,0.0466666666666667,0
436,0.987333333333333,0.0126666666666667,0
440,0.474,0.521333333333333,0.00466666666666667
441,0.0526666666666667,0.0686666666666667,0.878666666666667
442,0.308666666666667,0.682,0.00933333333333333
443,0.904666666666667,0.0933333333333333,0.002
445,0.200666666666667,0.75,0.0493333333333333
448,0.09,0.0666666666666667,0.843333333333333
451,0.248666666666667,0.740666666666667,0.0106666666666667
454,0.386666666666667,0.106,0.507333333333333
456,0.843333333333333,0.156666666666667,0
457,0.117333333333333,0.229333333333333,0.653333333333333
458,0.302666666666667,0.362,0.335333333333333
459,0.997333333333333,0.00266666666666667,0
460,0.242,0.170666666666667,0.587333333333333
461,0.228,0.330666666666667,0.441333333333333
463,0.372666666666667,0.627333333333333,0
464,0.710666666666667,0.227333333333333,0.062
467,0.16,0.0406666666666667,0.799333333333333
468,0.316,0.683333333333333,0.000666666666666667
471,0.621333333333333,0.143333333333333,0.235333333333333
473,0.08,0.0453333333333333,0.874666666666667
475,0.757333333333333,0.238666666666667,0.004
476,0.094,0.0613333333333333,0.844666666666667
478,0.0286666666666667,0.122,0.849333333333333
481,0.219333333333333,0.361333333333333,0.419333333333333
482,0.674666666666667,0.289333333333333,0.036
483,0.169333333333333,0.83,0.000666666666666667
485,0.966666666666667,0.032,0.00133333333333333
490,0.993333333333333,0.00666666666666667,0
493,0.813333333333333,0.186666666666667,0
494,0.660666666666667,0.238666666666667,0.100666666666667
508,0.378,0.596,0.026
509,0.994666666666667,0.00466666666666667,0.000666666666666667
510,0.975333333333333,0.0126666666666667,0.012
511,0.999333333333333,0.000666666666666667,0
512,0.358,0.641333333333333,0.000666666666666667
513,0.114,0.388666666666667,0.497333333333333
514,0.220666666666667,0.777333333333333,0.002
516,0.801333333333333,0.198666666666667,0
517,0.172,0.554666666666667,0.273333333333333
518,0.274,0.725333333333333,0.000666666666666667
520,0.118666666666667,0.804666666666667,0.0766666666666667
521,0.674,0.326,0
522,0.784666666666667,0.201333333333333,0.014
523,0.192,0.564,0.244
524,0.964,0.0353333333333333,0.000666666666666667
525,0.310666666666667,0.684,0.00533333333333333
526,0.217333333333333,0.748,0.0346666666666667
527,0.730666666666667,0.210666666666667,0.0586666666666667
528,0.224,0.434666666666667,0.341333333333333
529,0.711333333333333,0.225333333333333,0.0633333333333333
530,0.125333333333333,0.385333333333333,0.489333333333333
531,1,0,0
534,0.495333333333333,0.504,0.000666666666666667
535,0.138666666666667,0.823333333333333,0.038
536,0.999333333333333,0.000666666666666667,0
537,0.118,0.846,0.036
538,0.321333333333333,0.656,0.0226666666666667
539,0.266666666666667,0.182,0.551333333333333
540,0.997333333333333,0.00266666666666667,0
542,0.162,0.837333333333333,0.000666666666666667
545,0.342,0.626,0.032
546,0.0993333333333333,0.895333333333333,0.00533333333333333
547,0.989333333333333,0.0106666666666667,0
548,0.142666666666667,0.856,0.00133333333333333
551,0.935333333333333,0.0646666666666667,0
554,0.22,0.683333333333333,0.0966666666666667
556,0.247333333333333,0.194,0.558666666666667
557,0.814,0.184,0.002
559,0.903333333333333,0.0966666666666667,0
560,0.800666666666667,0.048,0.151333333333333
562,0.999333333333333,0.000666666666666667,0
563,0.245333333333333,0.262,0.492666666666667
564,0.855333333333333,0.144,0.000666666666666667
565,0.381333333333333,0.314666666666667,0.304
566,0.11,0.11,0.78
567,0.0506666666666667,0.0526666666666667,0.896666666666667
568,0.326,0.660666666666667,0.0133333333333333
571,0.184,0.504666666666667,0.311333333333333
572,0.732666666666667,0.267333333333333,0
573,0.408,0.592,0
574,0.767333333333333,0.221333333333333,0.0113333333333333
577,0.737333333333333,0.262666666666667,0
578,0.786,0.0526666666666667,0.161333333333333
579,0.959333333333333,0.0406666666666667,0
582,0.0106666666666667,0.261333333333333,0.728
584,0.168666666666667,0.698,0.133333333333333
586,0.648666666666667,0.122666666666667,0.228666666666667
587,0.076,0.0666666666666667,0.857333333333333
589,0.210666666666667,0.303333333333333,0.486
590,0.511333333333333,0.464666666666667,0.024
591,0.998666666666667,0.00133333333333333,0
592,0.179333333333333,0.218666666666667,0.602
593,0.0353333333333333,0.964,0.000666666666666667
595,0.115333333333333,0.851333333333333,0.0333333333333333
596,0.620666666666667,0.354,0.0253333333333333
597,0.224,0.75,0.026
598,0.48,0.519333333333333,0.000666666666666667
600,0.972666666666667,0.0273333333333333,0
602,0.957333333333333,0.032,0.0106666666666667
606,0.0806666666666667,0.174666666666667,0.744666666666667
607,0.418,0.568,0.014
609,0.279333333333333,0.720666666666667,0
610,0.196,0.762,0.042
611,0.0813333333333333,0.914666666666667,0.004
612,0.182666666666667,0.817333333333333,0
613,0.988,0.012,0
614,0.578666666666667,0.421333333333333,0
617,0.430666666666667,0.342666666666667,0.226666666666667
619,0.304,0.526,0.17
620,0.114666666666667,0.0766666666666667,0.808666666666667
621,0.160666666666667,0.823333333333333,0.016
625,0.0513333333333333,0.334,0.614666666666667
627,0.622,0.358666666666667,0.0193333333333333
628,0.67,0.206,0.124
629,0.17,0.811333333333333,0.0186666666666667
631,0.0726666666666667,0.232666666666667,0.694666666666667
632,0.396666666666667,0.572,0.0313333333333333
633,0.998,0.002,0
635,0.451333333333333,0.521333333333333,0.0273333333333333
639,0.438,0.539333333333333,0.0226666666666667
641,0.227333333333333,0.759333333333333,0.0133333333333333
642,0.35,0.645333333333333,0.00466666666666667
643,0.0533333333333333,0.0266666666666667,0.92
644,0.628,0.372,0
645,0.449333333333333,0.516666666666667,0.034
647,0.044,0.0766666666666667,0.879333333333333
648,0.455333333333333,0.544666666666667,0
649,0.056,0.944,0
650,0.340666666666667,0.303333333333333,0.356
652,0.180666666666667,0.259333333333333,0.56
653,0.530666666666667,0.452,0.0173333333333333
654,0.408666666666667,0.571333333333333,0.02
655,0.0826666666666667,0.904,0.0133333333333333
658,0.213333333333333,0.41,0.376666666666667
659,0.969333333333333,0.0306666666666667,0
661,0.407333333333333,0.542666666666667,0.05
664,0.169333333333333,0.125333333333333,0.705333333333333
666,0.251333333333333,0.748666666666667,0
667,1,0,0
668,0.854666666666667,0.144666666666667,0.000666666666666667
669,0.613333333333333,0.386666666666667,0
670,0.645333333333333,0.339333333333333,0.0153333333333333
671,0.956666666666667,0.0433333333333333,0
672,0.981333333333333,0.0186666666666667,0
673,0.03,0.125333333333333,0.844666666666667
674,0.597333333333333,0.399333333333333,0.00333333333333333
675,0.04,0.182,0.778
676,0.286666666666667,0.453333333333333,0.26
677,0.576,0.423333333333333,0.000666666666666667
685,0.424,0.468666666666667,0.107333333333333
686,0.933333333333333,0.066,0.000666666666666667
688,1,0,0
689,0.0453333333333333,0.15,0.804666666666667
690,0.052,0.943333333333333,0.00466666666666667
692,0.934666666666667,0.0573333333333333,0.008
694,0.279333333333333,0.698,0.0226666666666667
695,0.973333333333333,0.0266666666666667,0
696,0.0626666666666667,0.334,0.603333333333333
697,0.0533333333333333,0.138,0.808666666666667
699,0.25,0.604666666666667,0.145333333333333
700,0.362,0.611333333333333,0.0266666666666667
701,0.762,0.214,0.024
704,0.763333333333333,0.236666666666667,0
705,0.77,0.228,0.002
706,0.350666666666667,0.468,0.181333333333333
707,0.478,0.522,0
708,0.163333333333333,0.254666666666667,0.582
709,0.452666666666667,0.402666666666667,0.144666666666667
710,0.0673333333333333,0.377333333333333,0.555333333333333
711,0.515333333333333,0.315333333333333,0.169333333333333
712,0.756666666666667,0.243333333333333,0
713,0.467333333333333,0.530666666666667,0.002
717,0.974,0.026,0
718,0.652,0.334666666666667,0.0133333333333333
719,0.202,0.199333333333333,0.598666666666667
723,0.4,0.594666666666667,0.00533333333333333
724,1,0,0
725,0.75,0.233333333333333,0.0166666666666667
726,0.726666666666667,0.272666666666667,0.000666666666666667
728,0.205333333333333,0.78,0.0146666666666667
729,0.206,0.745333333333333,0.0486666666666667
730,0.774,0.21,0.016
735,0.559333333333333,0.440666666666667,0
736,0.62,0.356666666666667,0.0233333333333333
737,0.0933333333333333,0.0293333333333333,0.877333333333333
738,0.574,0.424,0.002
739,0.685333333333333,0.270666666666667,0.044
743,0.356,0.492,0.152
744,0.384666666666667,0.609333333333333,0.006
746,0.382666666666667,0.334,0.283333333333333
749,0.491333333333333,0.504666666666667,0.004
750,0.230666666666667,0.689333333333333,0.08
751,0.105333333333333,0.756666666666667,0.138
753,0.854666666666667,0.0813333333333333,0.064
754,0.179333333333333,0.82,0.000666666666666667
756,0.433333333333333,0.566,0.000666666666666667
757,0.951333333333333,0.0353333333333333,0.0133333333333333
758,0.722,0.252666666666667,0.0253333333333333
759,0.275333333333333,0.51,0.214666666666667
760,0.142666666666667,0.832,0.0253333333333333
761,0.144666666666667,0.744666666666667,0.110666666666667
762,0.186,0.538666666666667,0.275333333333333
763,0.876,0.122666666666667,0.00133333333333333
764,0.994,0.006,0
765,0.261333333333333,0.362,0.376666666666667
767,0.999333333333333,0.000666666666666667,0
770,0.234,0.48,0.286
771,0.207333333333333,0.29,0.502666666666667
773,0.21,0.736666666666667,0.0533333333333333
774,0.995333333333333,0.00466666666666667,0
775,0.563333333333333,0.282666666666667,0.154
776,0.304666666666667,0.385333333333333,0.31
779,0.987333333333333,0.0126666666666667,0
781,0.975333333333333,0.0173333333333333,0.00733333333333333
782,0.0153333333333333,0.088,0.896666666666667
783,0.196,0.783333333333333,0.0206666666666667
785,0.904666666666667,0.0953333333333333,0
786,0.994,0.006,0
790,0.0353333333333333,0.123333333333333,0.841333333333333
791,0.568666666666667,0.333333333333333,0.098
792,0.838,0.16,0.002
793,0.892666666666667,0.106,0.00133333333333333
798,0.0113333333333333,0.934,0.0546666666666667
799,0.498666666666667,0.501333333333333,0
800,0.918,0.082,0
801,0.832,0.167333333333333,0.000666666666666667
802,0.0406666666666667,0.048,0.911333333333333
803,0.564666666666667,0.351333333333333,0.084
804,0.734666666666667,0.264,0.00133333333333333
805,0.0946666666666667,0.731333333333333,0.174
806,0.272666666666667,0.456666666666667,0.270666666666667
807,0.283333333333333,0.548,0.168666666666667
808,0.786,0.214,0
814,0.616,0.210666666666667,0.173333333333333
815,0.916666666666667,0.0833333333333333,0
816,0.228666666666667,0.748,0.0233333333333333
817,0.868,0.119333333333333,0.0126666666666667
819,0.790666666666667,0.0313333333333333,0.178
820,0.734666666666667,0.261333333333333,0.004
823,0.331333333333333,0.614,0.0546666666666667
824,0.275333333333333,0.720666666666667,0.004
825,0.677333333333333,0.223333333333333,0.0993333333333333
826,1,0,0
828,0.173333333333333,0.815333333333333,0.0113333333333333
829,0.999333333333333,0.000666666666666667,0
830,0.992666666666667,0.00733333333333333,0
832,0.0933333333333333,0.906666666666667,0
833,0.052,0.151333333333333,0.796666666666667
834,0.0986666666666667,0.436666666666667,0.464666666666667
835,0.126666666666667,0.132,0.741333333333333
837,0.932666666666667,0.0673333333333333,0
838,0.971333333333333,0.022,0.00666666666666667
842,0.997333333333333,0.00266666666666667,0
844,0.464,0.526,0.01
846,0.0173333333333333,0.17,0.812666666666667
847,0.183333333333333,0.678666666666667,0.138
848,0.808666666666667,0.168,0.0233333333333333
849,0.864666666666667,0.132666666666667,0.00266666666666667
851,0.334666666666667,0.665333333333333,0
852,0.966,0.0313333333333333,0.00266666666666667
854,0.568,0.374,0.058
857,0.390666666666667,0.605333333333333,0.004
860,0.036,0.961333333333333,0.00266666666666667
861,0.166,0.710666666666667,0.123333333333333
862,0.388,0.157333333333333,0.454666666666667
863,0.814666666666667,0.136,0.0493333333333333
864,0.992666666666667,0.00733333333333333,0
865,0.201333333333333,0.790666666666667,0.008
867,0.449333333333333,0.544666666666667,0.006
868,1,0,0
872,0.0973333333333333,0.21,0.692666666666667
875,0.184,0.452666666666667,0.363333333333333
876,0.998,0.002,0
877,0.170666666666667,0.496666666666667,0.332666666666667
879,0.542666666666667,0.456666666666667,0.000666666666666667
880,0.923333333333333,0.0746666666666667,0.002
882,0.659333333333333,0.317333333333333,0.0233333333333333
884,0.228666666666667,0.732666666666667,0.0386666666666667
887,0.988,0.012,0
889,0.999333333333333,0.000666666666666667,0
890,0.175333333333333,0.742,0.0826666666666667
891,0.997333333333333,0.00266666666666667,0
894,0.787333333333333,0.168666666666667,0.044
895,0.701333333333333,0.298666666666667,0
898,0.960666666666667,0.0393333333333333,0
899,0.982666666666667,0.0173333333333333,0
904,0.417333333333333,0.414666666666667,0.168
907,0.932666666666667,0.0546666666666667,0.0126666666666667
908,0.0873333333333333,0.250666666666667,0.662
910,0.370666666666667,0.575333333333333,0.054
911,0.315333333333333,0.443333333333333,0.241333333333333
913,1,0,0
915,0.76,0.223333333333333,0.0166666666666667
916,0.694,0.304666666666667,0.00133333333333333
919,0.931333333333333,0.0646666666666667,0.004
921,0.912666666666667,0.086,0.00133333333333333
923,0.311333333333333,0.688,0.000666666666666667
925,0.239333333333333,0.760666666666667,0
927,0.096,0.899333333333333,0.00466666666666667
930,0.903333333333333,0.0966666666666667,0
931,0.966666666666667,0.0333333333333333,0
932,0.998,0.002,0
933,0.120666666666667,0.748,0.131333333333333
934,0.551333333333333,0.448666666666667,0
935,0.092,0.279333333333333,0.628666666666667
936,0.832,0.168,0
937,0.370666666666667,0.584,0.0453333333333333
939,0.101333333333333,0.38,0.518666666666667
940,0.744666666666667,0.254666666666667,0.000666666666666667
941,0.284,0.712,0.004
942,0.824,0.176,0
944,0.764666666666667,0.234666666666667,0.000666666666666667
945,0.932666666666667,0.0673333333333333,0
947,0.0533333333333333,0.082,0.864666666666667
950,0.932666666666667,0.0673333333333333,0
951,0.54,0.414,0.046
953,0.446666666666667,0.541333333333333,0.012
955,0.192666666666667,0.807333333333333,0
956,0.244,0.673333333333333,0.0826666666666667
960,0.394666666666667,0.586,0.0193333333333333
962,0.980666666666667,0.0193333333333333,0
963,0.73,0.203333333333333,0.0666666666666667
964,0.95,0.05,0
965,0.267333333333333,0.276666666666667,0.456
966,0.992666666666667,0.00733333333333333,0
970,0.312,0.687333333333333,0.000666666666666667
973,0.565333333333333,0.434,0.000666666666666667
974,0.754666666666667,0.238,0.00733333333333333
976,0.938666666666667,0.0606666666666667,0.000666666666666667
977,0.185333333333333,0.744,0.0706666666666667
979,0.757333333333333,0.226666666666667,0.016
981,0.797333333333333,0.179333333333333,0.0233333333333333
982,0.924,0.0646666666666667,0.0113333333333333
983,0.991333333333333,0.00866666666666667,0
985,0.926666666666667,0.0706666666666667,0.00266666666666667
986,0.226,0.754666666666667,0.0193333333333333
987,0.15,0.834,0.016
990,0.914,0.086,0
993,0.669333333333333,0.322666666666667,0.008
994,0.898666666666667,0.0793333333333333,0.022
995,0.917333333333333,0.0346666666666667,0.048
996,0.99,0.01,0
997,0.171333333333333,0.688666666666667,0.14
1000,0.133333333333333,0.782666666666667,0.084
1001,0.568666666666667,0.422,0.00933333333333333
1004,0.126,0.85,0.024
1007,0.374666666666667,0.542,0.0833333333333333
1008,0.331333333333333,0.667333333333333,0.00133333333333333
1009,0.499333333333333,0.483333333333333,0.0173333333333333
1010,0.446666666666667,0.55,0.00333333333333333
1011,0.976,0.024,0
1012,0.681333333333333,0.318666666666667,0
1013,0.578,0.421333333333333,0.000666666666666667
1016,0.784666666666667,0.214666666666667,0.000666666666666667
1017,0.884666666666667,0.115333333333333,0
1018,0.12,0.239333333333333,0.640666666666667
1021,0.994666666666667,0.00533333333333333,0
1023,0.766666666666667,0.171333333333333,0.062
1024,0.939333333333333,0.0606666666666667,0
1025,0.244,0.692,0.064
1026,0.458,0.522666666666667,0.0193333333333333
1027,0.456666666666667,0.543333333333333,0
1029,0.979333333333333,0.0206666666666667,0
1032,0.449333333333333,0.550666666666667,0
1033,0.952,0.0473333333333333,0.000666666666666667
1034,0.522,0.432,0.046
1036,0.296666666666667,0.702666666666667,0.000666666666666667
1037,0.568,0.432,0
1038,0.125333333333333,0.874666666666667,0
1039,0.147333333333333,0.744,0.108666666666667
1041,0.0893333333333333,0.227333333333333,0.683333333333333
1042,0.633333333333333,0.366666666666667,0
1043,0.266,0.718666666666667,0.0153333333333333
1045,0.886666666666667,0.112666666666667,0.000666666666666667
1049,0.844666666666667,0.155333333333333,0
1052,0.958666666666667,0.04,0.00133333333333333
1053,0.352,0.379333333333333,0.268666666666667
1055,0.988666666666667,0.0113333333333333,0
1056,0.4,0.58,0.02
1057,0.647333333333333,0.334,0.0186666666666667
1058,0.234,0.764666666666667,0.00133333333333333
1059,0.778,0.222,0
1060,0.54,0.286666666666667,0.173333333333333
1061,0.124,0.251333333333333,0.624666666666667
1062,0.289333333333333,0.71,0.000666666666666667
1063,0.336666666666667,0.515333333333333,0.148
1066,0.741333333333333,0.258,0.000666666666666667
1067,1,0,0
1068,0.125333333333333,0.848666666666667,0.026
1073,0.0826666666666667,0.0613333333333333,0.856
1074,0.172,0.825333333333333,0.00266666666666667
1075,0.543333333333333,0.456666666666667,0
1076,0.724,0.248,0.028
1078,0.972666666666667,0.0266666666666667,0.000666666666666667
1081,0.867333333333333,0.132666666666667,0
1082,0.06,0.0146666666666667,0.925333333333333
1083,0.992666666666667,0.00733333333333333,0
1084,0.98,0.0133333333333333,0.00666666666666667
1088,0.614666666666667,0.05,0.335333333333333
1089,0.884,0.116,0
1091,0.234666666666667,0.744666666666667,0.0206666666666667
1092,0.683333333333333,0.313333333333333,0.00333333333333333
1093,0.46,0.536666666666667,0.00333333333333333
1095,0.401333333333333,0.594666666666667,0.004
1096,0.342666666666667,0.386666666666667,0.270666666666667
1099,0.527333333333333,0.472,0.000666666666666667
1100,0.994,0.006,0
1106,0.068,0.224666666666667,0.707333333333333
1109,0.336,0.636666666666667,0.0273333333333333
1113,0.994666666666667,0.00533333333333333,0
1114,0.542666666666667,0.457333333333333,0
1119,0.988,0.012,0
1121,0.644666666666667,0.344666666666667,0.0106666666666667
1122,0.909333333333333,0.0886666666666667,0.002
1123,0.986666666666667,0.01,0.00333333333333333
1124,0.443333333333333,0.556666666666667,0
1125,0.103333333333333,0.258,0.638666666666667
1127,0.0466666666666667,0.953333333333333,0
1128,0.729333333333333,0.269333333333333,0.00133333333333333
1129,0.960666666666667,0.0393333333333333,0
1130,0.318,0.620666666666667,0.0613333333333333
1133,0.485333333333333,0.372,0.142666666666667
1135,0.126,0.762666666666667,0.111333333333333
1138,0.076,0.103333333333333,0.820666666666667
1139,0.140666666666667,0.765333333333333,0.094
1140,0.239333333333333,0.286,0.474666666666667
1141,0.997333333333333,0.00266666666666667,0
1145,0.704666666666667,0.284666666666667,0.0106666666666667
1146,0.554,0.426666666666667,0.0193333333333333
1147,0.776,0.224,0
1149,0.339333333333333,0.606666666666667,0.054
1150,0.907333333333333,0.0853333333333333,0.00733333333333333
1151,0.76,0.167333333333333,0.0726666666666667
1153,0.0326666666666667,0.244,0.723333333333333
1155,0.497333333333333,0.496,0.00666666666666667
1156,0.166666666666667,0.816,0.0173333333333333
1157,0.994666666666667,0.00466666666666667,0.000666666666666667
1158,0.411333333333333,0.587333333333333,0.00133333333333333
1160,1,0,0
1161,0.697333333333333,0.228,0.0746666666666667
1163,0.368666666666667,0.627333333333333,0.004
1167,1,0,0
1168,0.771333333333333,0.227333333333333,0.00133333333333333
1169,0.159333333333333,0.78,0.0606666666666667
1170,0.149333333333333,0.0606666666666667,0.79
1173,0.845333333333333,0.104666666666667,0.05
1174,0.0526666666666667,0.092,0.855333333333333
1175,0.458666666666667,0.534666666666667,0.00666666666666667
1176,0.502,0.451333333333333,0.0466666666666667
1178,0.0433333333333333,0.00866666666666667,0.948
1179,1,0,0
1180,0.999333333333333,0.000666666666666667,0
1181,0.809333333333333,0.190666666666667,0
1182,0.112666666666667,0.885333333333333,0.002
1183,0.998666666666667,0.00133333333333333,0
1185,0.812666666666667,0.186666666666667,0.000666666666666667
1186,0.892666666666667,0.107333333333333,0
1187,0.983333333333333,0.0153333333333333,0.00133333333333333
1188,0.984,0.016,0
1189,0.947333333333333,0.024,0.0286666666666667
1190,0.203333333333333,0.689333333333333,0.107333333333333
1191,0.124,0.101333333333333,0.774666666666667
1192,0.275333333333333,0.703333333333333,0.0213333333333333
1195,0.317333333333333,0.268,0.414666666666667
1198,0.975333333333333,0.0226666666666667,0.002
1199,0.602666666666667,0.397333333333333,0
1200,0.552666666666667,0.278666666666667,0.168666666666667
1201,0.278,0.179333333333333,0.542666666666667
1202,0.986666666666667,0.0133333333333333,0
1204,0.683333333333333,0.316,0.000666666666666667
1206,0.336666666666667,0.501333333333333,0.162
1208,1,0,0
1209,0.214666666666667,0.316,0.469333333333333
1212,1,0,0
1219,0.764666666666667,0.234666666666667,0.000666666666666667
1220,0.179333333333333,0.796666666666667,0.024
1221,0.126,0.792666666666667,0.0813333333333333
1224,0.86,0.14,0
1227,1,0,0
1229,0.955333333333333,0.0446666666666667,0
1230,0.509333333333333,0.422666666666667,0.068
1231,0.0473333333333333,0.946,0.00666666666666667
1232,0.843333333333333,0.155333333333333,0.00133333333333333
1233,0.198666666666667,0.166666666666667,0.634666666666667
1234,0.318666666666667,0.396,0.285333333333333
1237,0.198,0.77,0.032
1238,0.834666666666667,0.164,0.00133333333333333
1240,0.228666666666667,0.621333333333333,0.15
1243,0.762,0.238,0
1245,0.431333333333333,0.533333333333333,0.0353333333333333
1246,0.234666666666667,0.745333333333333,0.02
1249,0.804666666666667,0.194666666666667,0.000666666666666667
1250,0.321333333333333,0.678666666666667,0
1252,0.153333333333333,0.812,0.0346666666666667
1253,0.176666666666667,0.14,0.683333333333333
1254,0.744666666666667,0.255333333333333,0
1256,0.894,0.104666666666667,0.00133333333333333
1259,0.064,0.312666666666667,0.623333333333333
1260,0.729333333333333,0.270666666666667,0
1261,0.992,0.008,0
1263,0.849333333333333,0.150666666666667,0
1267,0.188666666666667,0.731333333333333,0.08
1268,0.881333333333333,0.114666666666667,0.004
1270,0.419333333333333,0.580666666666667,0
1272,0.396666666666667,0.590666666666667,0.0126666666666667
1273,0.854,0.144666666666667,0.00133333333333333
1275,0.204666666666667,0.751333333333333,0.044
1276,0.586,0.41,0.004
1277,0.320666666666667,0.634666666666667,0.0446666666666667
1278,0.245333333333333,0.702666666666667,0.052
1279,0.926,0.06,0.014
1280,0.285333333333333,0.365333333333333,0.349333333333333
1281,0.743333333333333,0.256666666666667,0
1285,0.654666666666667,0.345333333333333,0
1286,0.726,0.203333333333333,0.0706666666666667
1287,0.417333333333333,0.582666666666667,0
1288,0.548,0.451333333333333,0.000666666666666667
1289,0.988666666666667,0.0106666666666667,0.000666666666666667
1290,0.894666666666667,0.105333333333333,0
1291,0.275333333333333,0.662,0.0626666666666667
1292,0.572,0.418666666666667,0.00933333333333333
1293,0.997333333333333,0.00266666666666667,0
1294,0.212666666666667,0.658,0.129333333333333
1297,0.552,0.448,0
1298,0.12,0.870666666666667,0.00933333333333333
1300,0.520666666666667,0.459333333333333,0.02
1301,0.98,0.02,0
1302,0.614,0.386,0
1303,0.168,0.818666666666667,0.0133333333333333
1304,0.686,0.267333333333333,0.0466666666666667
1305,0.0713333333333333,0.313333333333333,0.615333333333333
1306,0.666,0.334,0
1307,0.128666666666667,0.572,0.299333333333333
1311,0.874666666666667,0.125333333333333,0
1313,0.0666666666666667,0.192666666666667,0.740666666666667
1315,0.318666666666667,0.679333333333333,0.002
1316,0.722,0.27,0.008
1317,0.158666666666667,0.182666666666667,0.658666666666667
1319,0.092,0.906666666666667,0.00133333333333333
1322,0.305333333333333,0.654,0.0406666666666667
1323,0.349333333333333,0.642,0.00866666666666667
1325,0.87,0.13,0
1326,0.145333333333333,0.294,0.560666666666667
1327,0.678,0.322,0
1328,0.998666666666667,0.00133333333333333,0
1329,0.196,0.794666666666667,0.00933333333333333
1330,0.427333333333333,0.526666666666667,0.046
1331,0.0493333333333333,0.028,0.922666666666667
1332,0.433333333333333,0.389333333333333,0.177333333333333
1333,1,0,0
1334,0.250666666666667,0.502666666666667,0.246666666666667
1335,0.0193333333333333,0.980666666666667,0
1336,0.958,0.042,0
1338,0.244,0.375333333333333,0.380666666666667
1339,0.12,0.0986666666666667,0.781333333333333
1340,0.976,0.024,0
1344,0.0686666666666667,0.882666666666667,0.0486666666666667
1345,0.134666666666667,0.161333333333333,0.704
1346,0.124666666666667,0.846,0.0293333333333333
1347,0.594666666666667,0.405333333333333,0
1348,0.264,0.697333333333333,0.0386666666666667
1350,0.974666666666667,0.0213333333333333,0.004
1353,0.969333333333333,0.0306666666666667,0
1354,0.984,0.016,0
1356,0.954,0.04,0.006
1358,0.616,0.384,0
1359,0.998666666666667,0.00133333333333333,0
1360,0.984666666666667,0.0153333333333333,0
1361,0.79,0.21,0
1362,0.374,0.610666666666667,0.0153333333333333
1363,0.322666666666667,0.130666666666667,0.546666666666667
1364,0.824666666666667,0.173333333333333,0.002
1365,0.924666666666667,0.0713333333333333,0.004
1366,0.245333333333333,0.723333333333333,0.0313333333333333
1368,0.0553333333333333,0.00533333333333333,0.939333333333333
1369,0.722666666666667,0.277333333333333,0
1370,0.461333333333333,0.520666666666667,0.018
1371,0.0613333333333333,0.922,0.0166666666666667
1372,0.0993333333333333,0.723333333333333,0.177333333333333
1374,0.999333333333333,0.000666666666666667,0
1375,0.808666666666667,0.19,0.00133333333333333
1376,0.232,0.498666666666667,0.269333333333333
1377,0.47,0.528666666666667,0.00133333333333333
1384,0.978666666666667,0.02,0.00133333333333333
1386,0.227333333333333,0.76,0.0126666666666667
1388,0.993333333333333,0.00666666666666667,0
1390,0.105333333333333,0.688,0.206666666666667
1391,0.882,0.110666666666667,0.00733333333333333
1392,0.992666666666667,0.00666666666666667,0.000666666666666667
1393,0.196666666666667,0.798666666666667,0.00466666666666667
1394,0.571333333333333,0.412666666666667,0.016
1396,0.840666666666667,0.156666666666667,0.00266666666666667
1403,1,0,0
1404,0.610666666666667,0.383333333333333,0.006
1407,0.741333333333333,0.258666666666667,0
1408,0.980666666666667,0.0193333333333333,0
1410,0.720666666666667,0.279333333333333,0
1411,0.699333333333333,0.298,0.00266666666666667
1413,0.843333333333333,0.147333333333333,0.00933333333333333
1414,0.906,0.094,0
1417,0.166,0.0673333333333333,0.766666666666667
1419,0.98,0.02,0
1420,0.368666666666667,0.432666666666667,0.198666666666667
1422,1,0,0
1426,0.798666666666667,0.124666666666667,0.0766666666666667
1427,0.335333333333333,0.560666666666667,0.104
1429,0.24,0.722,0.038
1431,0.947333333333333,0.0526666666666667,0
1432,0.683333333333333,0.316666666666667,0
1435,0.898,0.100666666666667,0.00133333333333333
1437,0.076,0.124,0.8
1439,1,0,0
1440,0.602,0.236666666666667,0.161333333333333
1442,0.676666666666667,0.252666666666667,0.0706666666666667
1443,0.998666666666667,0.00133333333333333,0
1445,1,0,0
1448,0.498666666666667,0.434666666666667,0.0666666666666667
1450,0.928,0.072,0
1452,0.254,0.730666666666667,0.0153333333333333
1453,0.142666666666667,0.0606666666666667,0.796666666666667
1454,0.985333333333333,0.014,0.000666666666666667
1458,0.928,0.0686666666666667,0.00333333333333333
1459,0.866,0.134,0
1460,1,0,0
1461,0.167333333333333,0.826,0.00666666666666667
1462,0.529333333333333,0.470666666666667,0
1464,0.026,0.973333333333333,0.000666666666666667
1465,0.0466666666666667,0.898,0.0553333333333333
1466,0.349333333333333,0.650666666666667,0
1467,0.140666666666667,0.114666666666667,0.744666666666667
1468,1,0,0
1469,0.964,0.036,0
1471,0.157333333333333,0.214,0.628666666666667
1474,0.142,0.269333333333333,0.588666666666667
1475,0.552,0.446666666666667,0.00133333333333333
1477,0.0706666666666667,0.319333333333333,0.61
1480,0.449333333333333,0.516666666666667,0.034
1481,0.16,0.448666666666667,0.391333333333333
1483,0.128,0.724,0.148
1484,1,0,0
1486,0.914,0.086,0
1487,0.31,0.406,0.284
1489,0.995333333333333,0.004,0.000666666666666667
1491,0.165333333333333,0.786666666666667,0.048
1493,0.0973333333333333,0.886666666666667,0.016
1494,0.752,0.0633333333333333,0.184666666666667
1496,0.132666666666667,0.0973333333333333,0.77
1497,0.258666666666667,0.239333333333333,0.502
1498,0.169333333333333,0.298666666666667,0.532
1502,0.116666666666667,0.092,0.791333333333333
1505,0.454666666666667,0.472,0.0733333333333333
1506,0.998666666666667,0.00133333333333333,0
