id,predict_0,predict_1,predict_2
11066,0.232677,0.767011,0.000312839
18000,0.931483,0.0685043,1.24833e-05
16964,0.999212,0.000787668,1.34392e-08
4795,0.682727,0.317254,1.94528e-05
3392,0.925322,0.0746668,1.07877e-05
3795,0.532937,0.467059,4.70094e-06
2881,0.950583,0.0493797,3.68403e-05
1903,0.835608,0.16436,3.24831e-05
5245,0.834009,0.165985,5.17591e-06
6726,0.582637,0.417353,9.83739e-06
1311,0.83563,0.164364,5.43222e-06
15795,0.673272,0.326719,8.18646e-06
4315,0.925322,0.0746668,1.07877e-05
3393,0.931483,0.0685043,1.24833e-05
6764,0.902111,0.0978566,3.26674e-05
13039,0.992477,0.00752218,1.22576e-06
12331,0.382357,0.617637,6.18523e-06
14276,0.931483,0.0685043,1.24833e-05
14638,0.673272,0.326719,8.18646e-06
6573,0.999967,3.31034e-05,1.12476e-08
2222,0.931483,0.0685043,1.24833e-05
8824,0.955652,0.0443448,3.23027e-06
6360,0.934201,0.0657966,2.33046e-06
7553,0.931483,0.0685043,1.24833e-05
13760,0.86557,0.134425,4.76124e-06
4284,0.931483,0.0685043,1.24833e-05
1356,0.925322,0.0746668,1.07877e-05
3410,0.641262,0.358731,6.68348e-06
4830,0.836205,0.16379,5.8013e-06
8998,0.840097,0.159897,5.8283e-06
18052,0.999272,0.000728108,1.10162e-08
7539,0.829428,0.170496,7.59037e-05
9529,0.521084,0.478908,7.84392e-06
3656,0.355324,0.64467,6.45595e-06
14238,0.931483,0.0685043,1.24833e-05
2682,0.995594,0.0044039,2.17131e-06
7312,0.928501,0.0714956,2.92048e-06
12971,0.7623,0.237688,1.22347e-05
10735,0.673272,0.326719,8.18646e-06
4050,0.840097,0.159897,5.8283e-06
5943,0.736653,0.263327,1.99636e-05
6482,0.923313,0.0766846,2.602e-06
9746,0.931483,0.0685043,1.24833e-05
13320,0.931483,0.0685043,1.24833e-05
803,0.834697,0.165297,5.85471e-06
15437,0.836205,0.16379,5.8013e-06
12302,0.999128,0.000871736,9.94704e-08
12271,0.673272,0.326719,8.18646e-06
5341,0.355324,0.64467,6.45595e-06
4427,0.999965,3.4959e-05,7.60343e-09
529,0.836205,0.16379,5.8013e-06
2022,0.836205,0.16379,5.8013e-06
14625,0.999968,3.16415e-05,2.09811e-08
2922,0.925322,0.0746668,1.07877e-05
16330,0.925322,0.0746668,1.07877e-05
12890,0.673272,0.326719,8.18646e-06
2140,0.696183,0.303514,0.000302402
13484,0.942825,0.0571727,2.1792e-06
12392,0.997075,0.00292382,7.72099e-07
2322,0.957057,0.0429319,1.10802e-05
567,0.931483,0.0685043,1.24833e-05
4436,0.998988,0.00101128,5.9222e-07
12156,0.999959,4.08727e-05,2.49519e-08
7508,0.741037,0.258962,1.61209e-06
6184,0.909996,0.089966,3.78802e-05
12213,0.925322,0.0746668,1.07877e-05
6458,0.931483,0.0685043,1.24833e-05
13967,0.867972,0.132024,3.81514e-06
894,0.925322,0.0746668,1.07877e-05
7461,0.931483,0.0685043,1.24833e-05
8949,0.992566,0.00742057,1.34889e-05
3477,0.967877,0.0321153,8.05542e-06
2779,0.972586,0.0273874,2.64827e-05
13551,0.851557,0.148394,4.88768e-05
8297,0.834009,0.165985,5.17591e-06
5050,0.840097,0.159897,5.8283e-06
10716,0.942825,0.0571727,2.1792e-06
16075,0.929603,0.0701706,0.000226253
1366,0.511502,0.488494,4.32017e-06
774,0.673272,0.326719,8.18646e-06
7406,0.851794,0.148199,6.17166e-06
2526,0.836205,0.16379,5.8013e-06
9649,0.834009,0.165985,5.17591e-06
16115,0.524791,0.475205,3.7604e-06
14749,0.531942,0.468054,3.81164e-06
14952,0.836205,0.16379,5.8013e-06
4786,0.748239,0.251339,0.00042194
16513,0.99971,0.000290324,7.94905e-08
2002,0.574108,0.425813,7.82268e-05
4701,0.925322,0.0746668,1.07877e-05
7742,0.931483,0.0685043,1.24833e-05
5905,0.511502,0.488494,4.32017e-06
685,0.987784,0.0122079,8.1822e-06
11857,0.999677,0.000323113,8.46724e-09
11628,0.931483,0.0685043,1.24833e-05
15024,0.942825,0.0571727,2.1792e-06
4168,0.925322,0.0746668,1.07877e-05
11914,0.709911,0.290087,1.5222e-06
5293,0.940971,0.0590235,5.31493e-06
3374,0.849914,0.150081,5.05463e-06
13055,0.329106,0.670802,9.16828e-05
17759,0.925322,0.0746668,1.07877e-05
590,0.925322,0.0746668,1.07877e-05
1353,0.808328,0.191664,7.7826e-06
11938,0.239133,0.759941,0.000926192
1018,0.925322,0.0746668,1.07877e-05
14945,0.673272,0.326719,8.18646e-06
1001,0.942825,0.0571727,2.1792e-06
3587,0.931483,0.0685043,1.24833e-05
868,0.662584,0.337402,1.42903e-05
9296,0.931483,0.0685043,1.24833e-05
12455,0.930367,0.0695917,4.16435e-05
17132,0.79897,0.201028,2.33349e-06
10240,0.836205,0.16379,5.8013e-06
3696,0.931483,0.0685043,1.24833e-05
10355,0.990408,0.00956786,2.39451e-05
2206,0.996897,0.00310171,9.60087e-07
14590,0.574108,0.425813,7.82268e-05
13191,0.835608,0.16436,3.24831e-05
5882,0.997075,0.00292382,7.72099e-07
12653,0.673272,0.326719,8.18646e-06
1491,0.488445,0.511543,1.21177e-05
1176,0.950407,0.0495904,2.56795e-06
11246,0.931483,0.0685043,1.24833e-05
14557,0.957057,0.0429319,1.10802e-05
4772,0.866142,0.133851,7.44547e-06
17192,0.673272,0.326719,8.18646e-06
10637,0.942825,0.0571727,2.1792e-06
3281,0.834009,0.165985,5.17591e-06
3191,0.931483,0.0685043,1.24833e-05
672,0.673272,0.326719,8.18646e-06
6301,0.942825,0.0571727,2.1792e-06
10309,0.835629,0.164364,6.67407e-06
1734,0.995928,0.00406898,2.95905e-06
2990,0.757976,0.242004,1.98535e-05
5746,0.997553,0.00244657,5.3167e-07
15289,0.942825,0.0571727,2.1792e-06
2971,0.673272,0.326719,8.18646e-06
9771,0.851557,0.148394,4.88768e-05
11253,0.518669,0.481326,4.38071e-06
14576,0.916095,0.0838988,5.91261e-06
4688,0.925322,0.0746668,1.07877e-05
14469,0.840097,0.159897,5.8283e-06
9298,0.355324,0.64467,6.45595e-06
16099,0.840097,0.159897,5.8283e-06
17316,0.76501,0.234989,9.13364e-07
15212,0.329106,0.670802,9.16828e-05
10691,0.925322,0.0746668,1.07877e-05
3805,0.940971,0.0590235,5.31493e-06
6418,0.840097,0.159897,5.8283e-06
1158,0.867972,0.132024,3.81514e-06
7768,0.836205,0.16379,5.8013e-06
4834,0.925322,0.0746668,1.07877e-05
10914,0.673272,0.326719,8.18646e-06
14606,0.836205,0.16379,5.8013e-06
3220,0.974663,0.0253271,9.72117e-06
10433,0.521084,0.478908,7.84392e-06
11251,0.536724,0.463273,3.13045e-06
8084,0.992477,0.00752218,1.22576e-06
522,0.996286,0.00371238,1.8461e-06
17299,0.851265,0.148729,5.77941e-06
15587,0.931763,0.0682342,3.20233e-06
1563,0.925322,0.0746668,1.07877e-05
8252,0.842259,0.157724,1.61133e-05
17802,0.931483,0.0685043,1.24833e-05
2738,0.511502,0.488494,4.32017e-06
9896,0.942825,0.0571727,2.1792e-06
14609,0.376912,0.622002,0.00108632
10463,0.589922,0.410069,9.56013e-06
1280,0.964916,0.0350793,4.86922e-06
977,0.97227,0.027721,8.43595e-06
979,0.925322,0.0746668,1.07877e-05
10908,0.673272,0.326719,8.18646e-06
12569,0.931483,0.0685043,1.24833e-05
6078,0.931483,0.0685043,1.24833e-05
18339,0.786555,0.213404,4.0337e-05
13799,0.97227,0.027721,8.43595e-06
7193,0.931483,0.0685043,1.24833e-05
8243,0.94305,0.0569473,2.32621e-06
13622,0.999964,3.62149e-05,2.3836e-07
5885,0.992477,0.00752218,1.22576e-06
5768,0.925322,0.0746668,1.07877e-05
632,0.741228,0.258766,6.0925e-06
3314,0.999451,0.0005488,8.43001e-08
3664,0.800145,0.199848,7.07848e-06
18518,0.942825,0.0571727,2.1792e-06
7687,0.929695,0.070299,6.33026e-06
17889,0.836205,0.16379,5.8013e-06
12943,0.987784,0.0122079,8.1822e-06
3581,0.942825,0.0571727,2.1792e-06
13802,0.947551,0.0524466,2.03713e-06
17702,0.840097,0.159897,5.8283e-06
12342,0.986084,0.013869,4.73773e-05
11185,0.999904,9.57759e-05,1.2125e-08
15675,0.942825,0.0571727,2.1792e-06
6716,0.698888,0.3011,1.18757e-05
17790,0.673272,0.326719,8.18646e-06
17791,0.940456,0.0595422,2.21111e-06
6145,0.673272,0.326719,8.18646e-06
18237,0.840097,0.159897,5.8283e-06
10523,0.11104,0.888958,1.49122e-06
4356,0.840097,0.159897,5.8283e-06
7482,0.993501,0.00648296,1.55408e-05
5856,0.86557,0.134425,4.76124e-06
5011,0.931483,0.0685043,1.24833e-05
15872,0.999486,0.000513682,1.34604e-08
6609,0.836205,0.16379,5.8013e-06
995,0.925322,0.0746668,1.07877e-05
4680,0.998663,0.00133571,9.02115e-07
18327,0.800145,0.199848,7.07848e-06
8484,0.942825,0.0571727,2.1792e-06
16968,0.155814,0.844174,1.14938e-05
8305,0.673272,0.326719,8.18646e-06
7012,0.673272,0.326719,8.18646e-06
13465,0.925322,0.0746668,1.07877e-05
8375,0.9992,0.000800402,9.49826e-08
15629,0.840097,0.159897,5.8283e-06
12296,0.673272,0.326719,8.18646e-06
458,0.851557,0.148394,4.88768e-05
18124,0.925322,0.0746668,1.07877e-05
4430,0.974663,0.0253271,9.72117e-06
14443,0.836205,0.16379,5.8013e-06
15275,0.552101,0.44789,8.67754e-06
4470,0.957057,0.0429319,1.10802e-05
13831,0.940971,0.0590235,5.31493e-06
7696,0.641262,0.358731,6.68348e-06
15172,0.531942,0.468054,3.81164e-06
16647,0.579632,0.420367,9.8081e-07
14209,0.732227,0.267767,6.14661e-06
18121,0.477749,0.522118,0.000133221
12144,0.673272,0.326719,8.18646e-06
800,0.673272,0.326719,8.18646e-06
13200,0.158497,0.841501,2.57334e-06
5724,0.931483,0.0685043,1.24833e-05
15722,0.999201,0.00079821,1.32349e-06
6660,0.736653,0.263327,1.99636e-05
8394,0.673272,0.326719,8.18646e-06
5554,0.836205,0.16379,5.8013e-06
10381,0.834009,0.165985,5.17591e-06
15783,0.477749,0.522118,0.000133221
10907,0.662109,0.337889,2.12893e-06
11455,0.982033,0.0179669,2.19431e-07
5992,0.925322,0.0746668,1.07877e-05
16564,0.931483,0.0685043,1.24833e-05
7933,0.659427,0.340571,1.60743e-06
16008,0.997075,0.00292382,7.72099e-07
7265,0.464305,0.535695,2.30851e-07
11095,0.673272,0.326719,8.18646e-06
2181,0.925322,0.0746668,1.07877e-05
8845,0.836205,0.16379,5.8013e-06
13617,0.673272,0.326719,8.18646e-06
17228,0.355324,0.64467,6.45595e-06
16321,0.999145,0.000854997,1.02333e-07
14851,0.680853,0.319141,6.43771e-06
9613,0.673272,0.326719,8.18646e-06
3121,0.942825,0.0571727,2.1792e-06
4840,0.574108,0.425813,7.82268e-05
18216,0.611254,0.388745,7.98345e-07
17113,0.554646,0.445351,3.66726e-06
4775,0.925322,0.0746668,1.07877e-05
14105,0.871533,0.128463,4.55005e-06
4993,0.836205,0.16379,5.8013e-06
8901,0.531942,0.468054,3.81164e-06
15443,0.880389,0.119607,3.9967e-06
435,0.673272,0.326719,8.18646e-06
4595,0.925322,0.0746668,1.07877e-05
14503,0.992477,0.00752218,1.22576e-06
2191,0.840097,0.159897,5.8283e-06
2163,0.355324,0.64467,6.45595e-06
9987,0.673272,0.326719,8.18646e-06
16234,0.835608,0.16436,3.24831e-05
3834,0.931483,0.0685043,1.24833e-05
13133,0.736653,0.263327,1.99636e-05
13909,0.851557,0.148394,4.88768e-05
9952,0.977769,0.0222285,2.09183e-06
3666,0.992477,0.00752218,1.22576e-06
6072,0.836205,0.16379,5.8013e-06
2936,0.931483,0.0685043,1.24833e-05
6497,0.79897,0.201028,2.33349e-06
5645,0.696183,0.303514,0.000302402
15476,0.836205,0.16379,5.8013e-06
8472,0.662584,0.337402,1.42903e-05
15687,0.603229,0.396762,9.2499e-06
10682,0.835629,0.164364,6.67407e-06
10772,0.999985,1.54796e-05,5.54251e-09
8156,0.925322,0.0746668,1.07877e-05
10436,0.799357,0.200637,5.72781e-06
16827,0.673272,0.326719,8.18646e-06
12299,0.925322,0.0746668,1.07877e-05
9258,0.925322,0.0746668,1.07877e-05
4759,0.673272,0.326719,8.18646e-06
8989,0.997261,0.00273838,5.14625e-07
14823,0.983733,0.0162667,2.51725e-07
17270,0.840097,0.159897,5.8283e-06
2005,0.834009,0.165985,5.17591e-06
15757,0.947551,0.0524466,2.03713e-06
14476,0.673272,0.326719,8.18646e-06
17243,0.925322,0.0746668,1.07877e-05
3908,0.790866,0.209118,1.59692e-05
781,0.925322,0.0746668,1.07877e-05
5398,0.851557,0.148394,4.88768e-05
2687,0.97227,0.027721,8.43595e-06
5017,0.925322,0.0746668,1.07877e-05
140,0.840097,0.159897,5.8283e-06
14897,0.836205,0.16379,5.8013e-06
1487,0.836205,0.16379,5.8013e-06
18371,0.998613,0.00138718,1.17515e-07
10170,0.925322,0.0746668,1.07877e-05
3464,0.800145,0.199848,7.07848e-06
1535,0.836205,0.16379,5.8013e-06
1442,0.927055,0.0729422,2.70613e-06
7249,0.800145,0.199848,7.07848e-06
17510,0.464305,0.535695,2.30851e-07
418,0.995263,0.00473675,2.97828e-07
16274,0.925322,0.0746668,1.07877e-05
12497,0.836205,0.16379,5.8013e-06
17309,0.909996,0.089966,3.78802e-05
3891,0.925322,0.0746668,1.07877e-05
8437,0.940971,0.0590235,5.31493e-06
9950,0.942825,0.0571727,2.1792e-06
5316,0.935267,0.0647286,4.82901e-06
12979,0.673272,0.326719,8.18646e-06
14648,0.835608,0.16436,3.24831e-05
8194,0.836205,0.16379,5.8013e-06
10386,0.925322,0.0746668,1.07877e-05
12749,0.925322,0.0746668,1.07877e-05
16508,0.999985,1.54796e-05,5.54251e-09
16386,0.673272,0.326719,8.18646e-06
12933,0.835608,0.16436,3.24831e-05
2830,0.942825,0.0571727,2.1792e-06
11528,0.673272,0.326719,8.18646e-06
15904,0.673272,0.326719,8.18646e-06
16390,0.709911,0.290087,1.5222e-06
14036,0.929695,0.070299,6.33026e-06
17215,0.940971,0.0590235,5.31493e-06
14404,0.673272,0.326719,8.18646e-06
12101,0.925322,0.0746668,1.07877e-05
10812,0.0541918,0.945808,1.27795e-07
4374,0.673272,0.326719,8.18646e-06
9719,0.840097,0.159897,5.8283e-06
8520,0.925322,0.0746668,1.07877e-05
15621,0.797076,0.202918,5.71146e-06
7173,0.709911,0.290087,1.5222e-06
7544,0.925322,0.0746668,1.07877e-05
7253,0.904644,0.095325,3.10281e-05
16731,0.925322,0.0746668,1.07877e-05
17278,0.979022,0.0209767,1.6841e-06
16327,0.279336,0.720518,0.00014574
15845,0.999986,1.35593e-05,1.01552e-08
6750,0.931483,0.0685043,1.24833e-05
7674,0.902111,0.0978566,3.26674e-05
17416,0.970099,0.0298988,2.47315e-06
9050,0.931483,0.0685043,1.24833e-05
8931,0.97227,0.027721,8.43595e-06
13146,0.931483,0.0685043,1.24833e-05
11584,0.950583,0.0493797,3.68403e-05
8322,0.673272,0.326719,8.18646e-06
16067,0.925322,0.0746668,1.07877e-05
11438,0.834009,0.165985,5.17591e-06
677,0.942825,0.0571727,2.1792e-06
7475,0.836205,0.16379,5.8013e-06
13400,0.506456,0.493536,7.65558e-06
10255,0.884885,0.115103,1.17293e-05
17987,0.83563,0.164364,5.43222e-06
13651,0.925322,0.0746668,1.07877e-05
8226,0.867972,0.132024,3.81514e-06
7643,0.800145,0.199848,7.07848e-06
10318,0.931483,0.0685043,1.24833e-05
12382,0.681038,0.318956,5.22411e-06
2912,0.974663,0.0253271,9.72117e-06
2254,0.925322,0.0746668,1.07877e-05
13110,0.902111,0.0978566,3.26674e-05
8355,0.925322,0.0746668,1.07877e-05
10753,0.999514,0.000486306,2.39708e-07
17974,0.931483,0.0685043,1.24833e-05
7588,0.680853,0.319141,6.43771e-06
3209,0.925322,0.0746668,1.07877e-05
16325,0.999557,0.000442888,1.66883e-08
12009,0.834009,0.165985,5.17591e-06
7141,0.840097,0.159897,5.8283e-06
7584,0.835608,0.16436,3.24831e-05
171,0.992477,0.00752218,1.22576e-06
14412,0.521084,0.478908,7.84392e-06
16111,0.992477,0.00752218,1.22576e-06
17959,0.997075,0.00292382,7.72099e-07
401,0.355324,0.64467,6.45595e-06
16571,0.840097,0.159897,5.8283e-06
3294,0.836205,0.16379,5.8013e-06
16220,0.931483,0.0685043,1.24833e-05
2404,0.673272,0.326719,8.18646e-06
11002,0.580851,0.414543,0.00460639
372,0.931483,0.0685043,1.24833e-05
15477,0.925322,0.0746668,1.07877e-05
41,0.630915,0.369076,9.24776e-06
8671,0.673272,0.326719,8.18646e-06
8129,0.851557,0.148394,4.88768e-05
14683,0.867972,0.132024,3.81514e-06
9873,0.998329,0.00167063,1.61585e-07
13577,0.99814,0.00185981,3.20179e-08
16132,0.673272,0.326719,8.18646e-06
10100,0.834009,0.165985,5.17591e-06
5629,0.836205,0.16379,5.8013e-06
16618,0.180232,0.819767,1.01715e-06
16876,0.925322,0.0746668,1.07877e-05
16036,0.99982,0.000179633,8.48771e-08
9322,0.925322,0.0746668,1.07877e-05
8549,0.809919,0.190064,1.71148e-05
18132,0.99923,0.000769865,9.13588e-08
13487,0.158497,0.841501,2.57334e-06
6904,0.925322,0.0746668,1.07877e-05
2799,0.840097,0.159897,5.8283e-06
9694,0.931483,0.0685043,1.24833e-05
4417,0.840097,0.159897,5.8283e-06
1494,0.925322,0.0746668,1.07877e-05
13929,0.783241,0.216758,9.76623e-07
6530,0.782673,0.217319,7.40637e-06
2483,0.836205,0.16379,5.8013e-06
3301,0.849914,0.150081,5.05463e-06
11323,0.835629,0.164364,6.67407e-06
1237,0.86557,0.134425,4.76124e-06
1747,0.931483,0.0685043,1.24833e-05
2655,0.836205,0.16379,5.8013e-06
16310,0.840097,0.159897,5.8283e-06
4173,0.998988,0.00101128,5.9222e-07
17613,0.995975,0.00402385,1.13942e-06
18062,0.809919,0.190064,1.71148e-05
4109,0.673272,0.326719,8.18646e-06
15881,0.940971,0.0590235,5.31493e-06
17020,0.673272,0.326719,8.18646e-06
7642,0.410081,0.589913,5.9076e-06
9464,0.834009,0.165985,5.17591e-06
22,0.999215,0.000784825,3.00372e-08
16394,0.942825,0.0571727,2.1792e-06
12854,0.998201,0.00179374,5.38087e-06
5073,0.800145,0.199848,7.07848e-06
2069,0.355324,0.64467,6.45595e-06
8545,0.992477,0.00752218,1.22576e-06
10775,0.765007,0.234988,5.26325e-06
9744,0.884885,0.115103,1.17293e-05
17138,0.931483,0.0685043,1.24833e-05
16619,0.748947,0.251046,7.29059e-06
195,0.942825,0.0571727,2.1792e-06
10258,0.840097,0.159897,5.8283e-06
4347,0.682727,0.317254,1.94528e-05
17587,0.923313,0.0766846,2.602e-06
3019,0.949253,0.0507461,7.121e-07
18552,0.940971,0.0590235,5.31493e-06
13223,0.82733,0.172664,6.68895e-06
7856,0.99991,8.99524e-05,5.6979e-08
9830,0.673272,0.326719,8.18646e-06
10965,0.992477,0.00752218,1.22576e-06
4677,0.934186,0.0658021,1.19909e-05
12176,0.669752,0.330244,4.17377e-06
15210,0.518669,0.481326,4.38071e-06
3764,0.995917,0.00408303,2.39587e-07
16846,0.836205,0.16379,5.8013e-06
771,0.42649,0.573502,7.12264e-06
13019,0.931483,0.0685043,1.24833e-05
252,0.836205,0.16379,5.8013e-06
11064,0.920716,0.079277,7.37228e-06
18221,0.834009,0.165985,5.17591e-06
11502,0.942825,0.0571727,2.1792e-06
14392,0.986228,0.0137394,3.25773e-05
9541,0.974663,0.0253271,9.72117e-06
3206,0.355324,0.64467,6.45595e-06
1994,0.851557,0.148394,4.88768e-05
17294,0.518669,0.481326,4.38071e-06
344,0.999758,0.000174902,6.69002e-05
15404,0.99999,1.05286e-05,1.12125e-08
521,0.992484,0.00746097,5.5349e-05
876,0.940971,0.0590235,5.31493e-06
7671,0.673273,0.32672,6.66321e-06
3351,0.673272,0.326719,8.18646e-06
11771,0.99572,0.00428032,1.37138e-07
1511,0.835608,0.16436,3.24831e-05
9265,0.997052,0.0029478,6.40594e-07
7982,0.997075,0.00292382,7.72099e-07
14175,0.332655,0.667168,0.000176201
10039,0.925322,0.0746668,1.07877e-05
14091,0.836205,0.16379,5.8013e-06
16518,0.835629,0.164364,6.67407e-06
10022,0.355324,0.64467,6.45595e-06
11564,0.97227,0.027721,8.43595e-06
7125,0.998956,0.00104383,3.17899e-07
13985,0.673272,0.326719,8.18646e-06
16442,0.999746,0.000254106,1.60604e-08
8894,0.99989,0.000109713,4.45763e-08
12070,0.836205,0.16379,5.8013e-06
5222,0.992477,0.00752218,1.22576e-06
5035,0.925322,0.0746668,1.07877e-05
11720,0.973581,0.0264162,2.97971e-06
2902,0.800145,0.199848,7.07848e-06
16663,0.521084,0.478908,7.84392e-06
5322,0.836205,0.16379,5.8013e-06
18013,0.931483,0.0685043,1.24833e-05
7204,0.99783,0.00216965,1.60443e-08
5241,0.931483,0.0685043,1.24833e-05
10289,0.931483,0.0685043,1.24833e-05
2841,0.680853,0.319141,6.43771e-06
799,0.992477,0.00752218,1.22576e-06
1913,0.974663,0.0253271,9.72117e-06
4910,0.925322,0.0746668,1.07877e-05
451,0.523725,0.476273,1.85965e-06
10840,0.800145,0.199848,7.07848e-06
15308,0.011707,0.988293,1.79055e-07
10669,0.607254,0.392655,9.05269e-05
9628,0.997673,0.00232656,7.2095e-08
1010,0.993011,0.0069884,9.05144e-07
11501,0.931483,0.0685043,1.24833e-05
12727,0.849914,0.150081,5.05463e-06
13407,0.954119,0.0458115,6.94242e-05
11481,0.673273,0.32672,6.66321e-06
7183,0.931483,0.0685043,1.24833e-05
1066,0.999926,7.35973e-05,7.07978e-09
4010,0.696183,0.303514,0.000302402
13436,0.836205,0.16379,5.8013e-06
13848,0.673272,0.326719,8.18646e-06
15025,0.840097,0.159897,5.8283e-06
3313,0.759812,0.240187,9.07158e-07
13580,0.835629,0.164364,6.67407e-06
14183,0.942825,0.0571727,2.1792e-06
11433,0.950575,0.0493793,4.52624e-05
9442,0.732227,0.267767,6.14661e-06
15,0.673272,0.326719,8.18646e-06
10817,0.999693,0.000306913,2.69421e-08
330,0.990945,0.00905384,1.47534e-06
17999,0.999986,1.40327e-05,1.78552e-08
6883,0.974663,0.0253271,9.72117e-06
7946,0.419699,0.580297,4.14468e-06
2122,0.673272,0.326719,8.18646e-06
16053,0.804095,0.1959,5.22722e-06
889,0.980603,0.00861323,0.0107835
3521,0.942825,0.0571727,2.1792e-06
18229,0.931483,0.0685043,1.24833e-05
11922,0.998641,0.00135872,2.57161e-08
2870,0.998494,0.00150571,3.62724e-08
4093,0.835608,0.16436,3.24831e-05
283,0.969543,0.0304561,7.67031e-07
10344,0.997384,0.00261472,7.54064e-07
531,0.332581,0.667138,0.00028132
2710,0.673272,0.326719,8.18646e-06
8826,0.258672,0.741326,1.45671e-06
10484,0.673272,0.326719,8.18646e-06
12881,0.931483,0.0685043,1.24833e-05
5013,0.0541918,0.945808,1.27795e-07
1189,0.836205,0.16379,5.8013e-06
7899,0.994693,0.00530401,2.6151e-06
12413,0.834009,0.165985,5.17591e-06
11046,0.86557,0.134425,4.76124e-06
5834,0.931483,0.0685043,1.24833e-05
14782,0.895534,0.104465,1.58432e-06
9994,0.40884,0.591156,3.86591e-06
147,0.925322,0.0746668,1.07877e-05
2152,0.232677,0.767011,0.000312839
3478,0.83945,0.160518,3.26324e-05
8873,0.97227,0.027721,8.43595e-06
5577,0.925322,0.0746668,1.07877e-05
12729,0.931483,0.0685043,1.24833e-05
11488,0.942825,0.0571727,2.1792e-06
17901,0.795803,0.20419,7.23642e-06
650,0.836205,0.16379,5.8013e-06
3127,0.999002,0.000997819,1.58337e-08
3761,0.840097,0.159897,5.8283e-06
16587,0.925322,0.0746668,1.07877e-05
11773,0.76501,0.234989,9.13364e-07
11000,0.947551,0.0524466,2.03713e-06
10785,0.836205,0.16379,5.8013e-06
2280,0.44575,0.554246,3.8647e-06
13306,0.834009,0.165985,5.17591e-06
14185,0.998604,0.00139536,1.36221e-07
18326,0.836205,0.16379,5.8013e-06
2544,0.999966,3.38802e-05,4.17023e-09
6979,0.942825,0.0571727,2.1792e-06
50,0.626968,0.373031,1.17806e-06
11525,0.86278,0.137213,7.41657e-06
13479,0.931483,0.0685043,1.24833e-05
8865,0.836205,0.16379,5.8013e-06
14822,0.836205,0.16379,5.8013e-06
9763,0.835629,0.164364,6.67407e-06
2129,0.673272,0.326719,8.18646e-06
13332,0.641294,0.358701,4.14279e-06
7082,0.999604,0.00039565,6.38068e-08
7783,0.935267,0.0647286,4.82901e-06
7202,0.835629,0.164364,6.67407e-06
18223,0.851794,0.148199,6.17166e-06
6631,0.800145,0.199848,7.07848e-06
14666,0.999984,1.64602e-05,2.44586e-08
4432,0.81412,0.185876,3.83517e-06
6566,0.355324,0.64467,6.45595e-06
11828,0.931483,0.0685043,1.24833e-05
3485,0.800145,0.199848,7.07848e-06
17499,0.82353,0.176395,7.5359e-05
5855,0.518669,0.481326,4.38071e-06
15165,0.999267,0.000729114,4.23271e-06
4574,0.931483,0.0685043,1.24833e-05
9316,0.800145,0.199848,7.07848e-06
17011,0.835629,0.164364,6.67407e-06
12002,0.86557,0.134425,4.76124e-06
17674,0.834009,0.165985,5.17591e-06
232,0.673272,0.326719,8.18646e-06
5584,0.992477,0.00752218,1.22576e-06
18310,0.673273,0.32672,6.66321e-06
5677,0.931483,0.0685043,1.24833e-05
18145,0.277534,0.721952,0.000514597
3086,0.992477,0.00752218,1.22576e-06
15184,0.998704,0.00128224,1.41223e-05
16348,0.603229,0.396762,9.2499e-06
17675,0.99918,0.000820245,9.12288e-09
3074,0.673272,0.326719,8.18646e-06
3355,0.836205,0.16379,5.8013e-06
9764,0.989338,0.0106603,1.87711e-06
4951,0.851557,0.148394,4.88768e-05
11942,0.996477,0.00352249,9.30191e-07
3983,0.800145,0.199848,7.07848e-06
3344,0.840097,0.159897,5.8283e-06
8511,0.925322,0.0746668,1.07877e-05
14693,0.942825,0.0571727,2.1792e-06
16480,0.925322,0.0746668,1.07877e-05
13782,0.947551,0.0524466,2.03713e-06
4869,0.994693,0.00530401,2.6151e-06
1459,0.834009,0.165985,5.17591e-06
10674,0.835608,0.16436,3.24831e-05
16104,0.999972,2.83941e-05,5.13056e-08
16927,0.672904,0.326776,0.000319494
11812,0.931483,0.0685043,1.24833e-05
12488,0.532937,0.467059,4.70094e-06
6612,0.673272,0.326719,8.18646e-06
10000,0.985223,0.013366,0.00141063
10605,0.984619,0.0153811,5.34946e-08
18523,0.994693,0.00530401,2.6151e-06
11708,0.836205,0.16379,5.8013e-06
12948,0.641262,0.358731,6.68348e-06
7825,0.83563,0.164364,5.43222e-06
14772,0.990945,0.00905384,1.47534e-06
15734,0.942825,0.0571727,2.1792e-06
17023,0.964291,0.0357077,1.59423e-06
15114,0.996198,0.00380175,4.44012e-08
4467,0.851557,0.148394,4.88768e-05
16520,0.840097,0.159897,5.8283e-06
17367,0.992477,0.00752218,1.22576e-06
4580,0.355324,0.64467,6.45595e-06
6154,0.867972,0.132024,3.81514e-06
1088,0.97227,0.027721,8.43595e-06
15595,0.925322,0.0746668,1.07877e-05
10063,0.973581,0.0264162,2.97971e-06
7395,0.942825,0.0571727,2.1792e-06
2509,0.800145,0.199848,7.07848e-06
15619,0.991019,0.0089593,2.19183e-05
10987,0.104277,0.895723,1.9787e-07
4564,0.851557,0.148394,4.88768e-05
17483,0.983943,0.0160435,1.3766e-05
16410,0.925322,0.0746668,1.07877e-05
14723,0.800145,0.199848,7.07848e-06
1036,0.95954,0.0404557,4.27997e-06
4405,0.998642,0.0013574,2.21552e-07
7491,0.947977,0.0520192,3.88084e-06
14451,0.936982,0.0630129,4.83787e-06
18335,0.931483,0.0685043,1.24833e-05
15069,0.931483,0.0685043,1.24833e-05
2328,0.673273,0.32672,6.66321e-06
17635,0.931483,0.0685043,1.24833e-05
16784,0.673272,0.326719,8.18646e-06
230,0.884885,0.115103,1.17293e-05
8896,0.419699,0.580297,4.14468e-06
14835,0.586607,0.413392,9.92613e-07
9983,0.999329,0.000670567,6.09558e-07
12133,0.931483,0.0685043,1.24833e-05
10893,0.999633,0.000366606,8.99667e-09
10904,0.942825,0.0571727,2.1792e-06
3087,0.836205,0.16379,5.8013e-06
1254,0.999139,0.000858064,2.73591e-06
3402,0.97227,0.027721,8.43595e-06
16362,0.931483,0.0685043,1.24833e-05
14681,0.9552,0.0447998,1.33406e-07
16420,0.836205,0.16379,5.8013e-06
1559,0.343607,0.656382,1.13847e-05
8700,0.673272,0.326719,8.18646e-06
15452,0.942825,0.0571727,2.1792e-06
13565,0.998641,0.00135872,2.40824e-08
628,0.925322,0.0746668,1.07877e-05
5344,0.925322,0.0746668,1.07877e-05
15163,0.0635065,0.936493,3.96073e-07
10766,0.931483,0.0685043,1.24833e-05
16380,0.931483,0.0685043,1.24833e-05
7770,0.690582,0.309411,6.38406e-06
5412,0.942825,0.0571727,2.1792e-06
12885,0.942825,0.0571727,2.1792e-06
11332,0.999496,0.000504328,5.87015e-08
17718,0.836205,0.16379,5.8013e-06
2780,0.997075,0.00292382,7.72099e-07
7411,0.673272,0.326719,8.18646e-06
4038,0.942825,0.0571727,2.1792e-06
219,0.925322,0.0746668,1.07877e-05
382,0.673272,0.326719,8.18646e-06
5134,0.258672,0.741326,1.45671e-06
8782,0.925322,0.0746668,1.07877e-05
13297,0.355324,0.64467,6.45595e-06
5655,0.925322,0.0746668,1.07877e-05
12,0.942825,0.0571727,2.1792e-06
18437,0.999993,7.13597e-06,7.60263e-09
15061,0.992477,0.00752218,1.22576e-06
17179,0.957057,0.0429319,1.10802e-05
15394,0.851557,0.148394,4.88768e-05
13302,0.836205,0.16379,5.8013e-06
16908,0.83563,0.164364,5.43222e-06
11829,0.834009,0.165985,5.17591e-06
18236,0.931483,0.0685043,1.24833e-05
14617,0.942825,0.0571727,2.1792e-06
1837,0.996477,0.00352249,9.30191e-07
13734,0.106988,0.893012,2.03014e-07
14894,0.800145,0.199848,7.07848e-06
12703,0.947551,0.0524466,2.03713e-06
17190,0.785316,0.214671,1.33392e-05
14704,0.931483,0.0685043,1.24833e-05
11412,0.940971,0.0590235,5.31493e-06
8880,0.925322,0.0746668,1.07877e-05
10855,0.607254,0.392655,9.05269e-05
2636,0.931483,0.0685043,1.24833e-05
15890,0.942825,0.0571727,2.1792e-06
11288,0.99998,1.96687e-05,4.89556e-09
2037,0.241241,0.758748,1.16408e-05
13921,0.673272,0.326719,8.18646e-06
5640,0.800145,0.199848,7.07848e-06
11354,0.925322,0.0746668,1.07877e-05
17161,0.851557,0.148394,4.88768e-05
14317,0.673272,0.326719,8.18646e-06
13513,0.457243,0.542752,5.09746e-06
18208,0.931483,0.0685043,1.24833e-05
2020,0.795801,0.20419,8.89071e-06
4801,0.840097,0.159897,5.8283e-06
12728,0.999858,0.000141816,4.18987e-07
9614,0.840097,0.159897,5.8283e-06
1259,0.975723,0.0242731,4.04449e-06
9799,0.992477,0.00752218,1.22576e-06
595,0.925322,0.0746668,1.07877e-05
13916,0.834009,0.165985,5.17591e-06
2072,0.925322,0.0746668,1.07877e-05
3373,0.673272,0.326719,8.18646e-06
9684,0.673272,0.326719,8.18646e-06
9159,0.977825,0.0221702,4.65926e-06
13478,0.511502,0.488494,4.32017e-06
14729,0.81412,0.185876,3.83517e-06
10918,0.834009,0.165985,5.17591e-06
11611,0.836205,0.16379,5.8013e-06
17819,0.698888,0.3011,1.18757e-05
17274,0.925322,0.0746668,1.07877e-05
253,0.931483,0.0685043,1.24833e-05
10504,0.836205,0.16379,5.8013e-06
13012,0.759812,0.240187,9.07158e-07
15828,0.999693,0.000306913,2.87647e-08
18056,0.589922,0.410069,9.56013e-06
11009,0.835629,0.164364,6.67407e-06
13653,0.673272,0.326719,8.18646e-06
8329,0.904644,0.095325,3.10281e-05
156,0.942825,0.0571727,2.1792e-06
18014,0.884885,0.115103,1.17293e-05
2014,0.973931,0.0260685,8.58838e-07
1122,0.836205,0.16379,5.8013e-06
17329,0.93224,0.0677303,2.9622e-05
2877,0.942825,0.0571727,2.1792e-06
10125,0.925322,0.0746668,1.07877e-05
5972,0.931483,0.0685043,1.24833e-05
4957,0.830955,0.16904,5.26372e-06
8501,0.925322,0.0746668,1.07877e-05
18417,0.931483,0.0685043,1.24833e-05
4012,0.999944,5.54863e-05,4.1347e-08
13575,0.954119,0.0458115,6.94242e-05
14546,0.942825,0.0571727,2.1792e-06
12403,0.673272,0.326719,8.18646e-06
236,0.809919,0.190064,1.71148e-05
15805,0.935013,0.0649827,4.52367e-06
1052,0.925322,0.0746668,1.07877e-05
15084,0.836205,0.16379,5.8013e-06
11239,0.161019,0.838972,8.70371e-06
6191,0.992477,0.00752218,1.22576e-06
11792,0.836205,0.16379,5.8013e-06
16090,0.942825,0.0571727,2.1792e-06
8843,0.97718,0.00811497,0.0147047
12914,0.994693,0.00530401,2.6151e-06
8345,0.82733,0.172664,6.68895e-06
16801,0.355324,0.64467,6.45595e-06
14459,0.851557,0.148394,4.88768e-05
13139,0.673272,0.326719,8.18646e-06
7026,0.148707,0.851277,1.5618e-05
6008,0.931483,0.0685043,1.24833e-05
18090,0.999486,0.000513682,1.34604e-08
18514,0.673272,0.326719,8.18646e-06
267,0.925322,0.0746668,1.07877e-05
9410,0.83563,0.164364,5.43222e-06
1202,0.992477,0.00752218,1.22576e-06
4346,0.834009,0.165985,5.17591e-06
3589,0.673272,0.326719,8.18646e-06
6613,0.784815,0.215183,2.19477e-06
10139,0.942825,0.0571727,2.1792e-06
554,0.967877,0.0321153,8.05542e-06
13876,0.999887,0.00011248,1.53726e-08
8173,0.925322,0.0746668,1.07877e-05
15205,0.463973,0.535891,0.000136735
3010,0.974674,0.0253193,6.24385e-06
14580,0.942825,0.0571727,2.1792e-06
8113,0.589922,0.410069,9.56013e-06
9485,0.849914,0.150081,5.05463e-06
18517,0.851265,0.148729,5.77941e-06
15395,0.808329,0.191664,6.33449e-06
3223,0.836205,0.16379,5.8013e-06
13016,0.657513,0.342465,2.20119e-05
9819,0.808328,0.191664,7.7826e-06
12485,0.809919,0.190064,1.71148e-05
12664,0.942825,0.0571727,2.1792e-06
10761,0.840097,0.159897,5.8283e-06
4787,0.925322,0.0746668,1.07877e-05
2376,0.925322,0.0746668,1.07877e-05
9858,0.931483,0.0685043,1.24833e-05
18112,0.836205,0.16379,5.8013e-06
5833,0.840097,0.159897,5.8283e-06
14234,0.867972,0.132024,3.81514e-06
12547,0.836205,0.16379,5.8013e-06
1683,0.931483,0.0685043,1.24833e-05
3177,0.925322,0.0746668,1.07877e-05
5131,0.999776,0.000223957,1.32556e-08
2989,0.840097,0.159897,5.8283e-06
18268,0.741037,0.258962,1.61209e-06
8165,0.669752,0.330244,4.17377e-06
14193,0.992477,0.00752218,1.22576e-06
14202,0.999246,0.000754066,3.61369e-08
8788,0.998641,0.00135872,2.40824e-08
1273,0.947551,0.0524466,2.03713e-06
1013,0.867972,0.132024,3.81514e-06
10073,0.925322,0.0746668,1.07877e-05
5234,0.321912,0.677605,0.000482987
354,0.920716,0.079277,7.37228e-06
17030,0.899236,0.100755,8.528e-06
17496,0.947551,0.0524466,2.03713e-06
13772,0.000304824,0.999695,4.72697e-08
7863,0.599573,0.400425,2.32429e-06
18447,0.931483,0.0685043,1.24833e-05
10466,0.925322,0.0746668,1.07877e-05
9902,0.673272,0.326719,8.18646e-06
1093,0.673273,0.32672,6.66321e-06
16271,0.998956,0.00104383,3.17899e-07
4584,0.83563,0.164364,5.43222e-06
3335,0.869056,0.130937,6.34241e-06
10695,0.925322,0.0746668,1.07877e-05
9569,0.836205,0.16379,5.8013e-06
791,0.91118,0.0888106,9.45464e-06
101,0.999677,0.000323113,7.92933e-09
9332,0.162928,0.837071,1.46818e-06
10287,0.251411,0.748587,1.35567e-06
6086,0.673272,0.326719,8.18646e-06
16461,0.531942,0.468054,3.81164e-06
12443,0.890093,0.109905,1.44111e-06
7440,0.947551,0.0524466,2.03713e-06
9773,0.931483,0.0685043,1.24833e-05
8518,0.680853,0.319141,6.43771e-06
9030,0.861615,0.138337,4.79326e-05
1461,0.931483,0.0685043,1.24833e-05
15802,0.940971,0.0590235,5.31493e-06
10281,0.673272,0.326719,8.18646e-06
3712,0.800145,0.199848,7.07848e-06
14320,0.925322,0.0746668,1.07877e-05
7285,0.925322,0.0746668,1.07877e-05
8532,0.673272,0.326719,8.18646e-06
13861,0.669752,0.330244,4.17377e-06
15669,0.931483,0.0685043,1.24833e-05
9515,0.999877,8.12059e-05,4.13227e-05
5699,0.86557,0.134425,4.76124e-06
13087,0.931483,0.0685043,1.24833e-05
2036,0.97227,0.027721,8.43595e-06
13603,0.999992,8.25835e-06,1.67991e-08
1649,0.834009,0.165985,5.17591e-06
11935,0.999586,0.000414283,1.02547e-07
18051,0.931483,0.0685043,1.24833e-05
2127,0.673272,0.326719,8.18646e-06
9765,0.925322,0.0746668,1.07877e-05
655,0.840097,0.159897,5.8283e-06
12963,0.850447,0.149548,5.39773e-06
13450,0.794544,0.205433,2.29719e-05
16279,0.931483,0.0685043,1.24833e-05
17945,0.849914,0.150081,5.05463e-06
8823,0.438321,0.561675,3.78509e-06
1772,0.931483,0.0685043,1.24833e-05
17523,0.925322,0.0746668,1.07877e-05
12404,0.531942,0.468054,3.81164e-06
6179,0.662584,0.337402,1.42903e-05
13531,0.836205,0.16379,5.8013e-06
3588,0.99677,0.00322546,5.00285e-06
9429,0.992477,0.00752218,1.22576e-06
7175,0.488445,0.511543,1.21177e-05
7452,0.143567,0.856432,8.4333e-07
1200,0.931483,0.0685043,1.24833e-05
12298,0.998641,0.00135872,2.40824e-08
6189,0.840097,0.159897,5.8283e-06
1181,0.99998,1.96687e-05,4.89556e-09
10469,0.973581,0.0264162,2.97971e-06
5760,0.673272,0.326719,8.18646e-06
16232,0.355324,0.64467,6.45595e-06
11345,0.840097,0.159897,5.8283e-06
4602,0.96061,0.0393577,3.2575e-05
7363,0.925322,0.0746668,1.07877e-05
10688,0.97227,0.027721,8.43595e-06
13870,0.931483,0.0685043,1.24833e-05
915,0.355324,0.64467,6.45595e-06
8260,0.99939,0.000603061,6.61056e-06
7376,0.997741,0.00225069,8.1244e-06
1862,0.974256,0.025728,1.65378e-05
16179,0.565671,0.434325,3.90612e-06
512,0.673272,0.326719,8.18646e-06
12553,0.589922,0.410069,9.56013e-06
17710,0.947551,0.0524466,2.03713e-06
5309,0.936982,0.0630129,4.83787e-06
2800,0.356184,0.643805,1.11666e-05
16338,0.800145,0.199848,7.07848e-06
6193,0.836205,0.16379,5.8013e-06
11749,0.823614,0.176381,5.49385e-06
5076,0.86557,0.134425,4.76124e-06
14174,0.942825,0.0571727,2.1792e-06
1870,0.925322,0.0746668,1.07877e-05
10919,0.998628,0.0013717,2.38982e-08
7089,0.992477,0.00752218,1.22576e-06
2023,0.840097,0.159897,5.8283e-06
17572,0.836205,0.16379,5.8013e-06
15937,0.410081,0.589913,5.9076e-06
9940,0.931483,0.0685043,1.24833e-05
13047,0.836205,0.16379,5.8013e-06
7548,0.850447,0.149548,5.39773e-06
10373,0.957057,0.0429319,1.10802e-05
930,0.506456,0.493536,7.65558e-06
10215,0.999764,0.000235893,7.18717e-08
744,0.942825,0.0571727,2.1792e-06
16854,0.673272,0.326719,8.18646e-06
12956,0.995928,0.00406898,2.95905e-06
14205,0.913991,0.0859927,1.58798e-05
1894,0.925322,0.0746668,1.07877e-05
6549,0.172744,0.827255,1.25359e-06
6430,0.673273,0.32672,6.66321e-06
5999,0.942825,0.0571727,2.1792e-06
15999,0.992477,0.00752218,1.22576e-06
16236,0.947551,0.0524466,2.03713e-06
16282,0.931483,0.0685043,1.24833e-05
2487,0.931483,0.0685043,1.24833e-05
3969,0.925322,0.0746668,1.07877e-05
117,0.836205,0.16379,5.8013e-06
14122,0.998792,0.00120828,1.10083e-07
14135,0.931483,0.0685043,1.24833e-05
1637,0.834009,0.165985,5.17591e-06
7707,0.851557,0.148394,4.88768e-05
4528,0.986359,0.0136392,1.91644e-06
6200,0.343607,0.656382,1.13847e-05
13119,0.727191,0.272774,3.4956e-05
5512,0.925322,0.0746668,1.07877e-05
3955,0.925322,0.0746668,1.07877e-05
5617,0.931483,0.0685043,1.24833e-05
942,0.940971,0.0590235,5.31493e-06
2172,0.931483,0.0685043,1.24833e-05
18390,0.836205,0.16379,5.8013e-06
3961,0.835608,0.16436,3.24831e-05
4150,0.942825,0.0571727,2.1792e-06
8191,0.834009,0.165985,5.17591e-06
15520,0.524791,0.475205,3.7604e-06
11898,0.589922,0.410069,9.56013e-06
5489,0.607254,0.392655,9.05269e-05
15038,0.996477,0.00352249,9.30191e-07
7964,0.673272,0.326719,8.18646e-06
3779,0.800145,0.199848,7.07848e-06
13285,0.673273,0.32672,6.66321e-06
8110,0.840097,0.159897,5.8283e-06
15417,0.942825,0.0571727,2.1792e-06
739,0.925322,0.0746668,1.07877e-05
7741,0.931483,0.0685043,1.24833e-05
1801,0.710975,0.288852,0.000172434
8015,0.521084,0.478908,7.84392e-06
10878,0.925322,0.0746668,1.07877e-05
9275,0.998956,0.00104383,3.17899e-07
10184,0.232677,0.767011,0.000312839
7895,0.925322,0.0746668,1.07877e-05
736,0.97227,0.027721,8.43595e-06
9790,0.999809,0.000191015,1.6264e-08
9553,0.931483,0.0685043,1.24833e-05
2833,0.999251,0.000745837,3.09638e-06
7195,0.836205,0.16379,5.8013e-06
1450,0.997075,0.00292382,7.72099e-07
1348,0.814527,0.185457,1.57671e-05
9646,0.999215,0.000784825,3.00372e-08
8733,0.859546,0.140449,4.37963e-06
8715,0.97227,0.027721,8.43595e-06
14000,0.929603,0.0701706,0.000226253
12152,0.925322,0.0746668,1.07877e-05
7977,0.840097,0.159897,5.8283e-06
11579,0.931483,0.0685043,1.24833e-05
14377,0.355324,0.64467,6.45595e-06
17048,0.960821,0.0391747,4.45683e-06
14460,0.834009,0.165985,5.17591e-06
17018,0.999994,5.53788e-06,1.01119e-07
13982,0.998631,0.00136797,8.27316e-07
9092,0.997261,0.00273838,5.14625e-07
15543,0.947347,0.0526471,5.61357e-06
13485,0.836205,0.16379,5.8013e-06
8303,0.931483,0.0685043,1.24833e-05
6830,0.940971,0.0590235,5.31493e-06
13293,0.673272,0.326719,8.18646e-06
15853,0.931763,0.0682342,3.20233e-06
5109,0.925322,0.0746668,1.07877e-05
6677,0.992477,0.00752218,1.22576e-06
3439,0.840097,0.159897,5.8283e-06
13121,0.836205,0.16379,5.8013e-06
15484,0.967877,0.0321153,8.05542e-06
12964,0.995065,0.00493379,8.03971e-07
3710,0.851794,0.148199,6.17166e-06
10259,0.840097,0.159897,5.8283e-06
4373,0.836205,0.16379,5.8013e-06
987,0.511502,0.488494,4.32017e-06
17280,0.851265,0.148729,5.77941e-06
15338,0.935267,0.0647286,4.82901e-06
14405,0.836205,0.16379,5.8013e-06
17611,0.840097,0.159897,5.8283e-06
9062,0.99941,0.000590042,3.24857e-08
2482,0.836205,0.16379,5.8013e-06
9206,0.996915,0.00308473,2.23496e-07
3915,0.834009,0.165985,5.17591e-06
17347,0.998202,0.00160998,0.000187567
7689,0.992477,0.00752218,1.22576e-06
7777,0.836205,0.16379,5.8013e-06
17768,0.834009,0.165985,5.17591e-06
7896,0.931483,0.0685043,1.24833e-05
5815,0.840097,0.159897,5.8283e-06
18329,0.997075,0.00292382,7.72099e-07
2851,0.836205,0.16379,5.8013e-06
13247,0.992477,0.00752218,1.22576e-06
9252,0.925322,0.0746668,1.07877e-05
14282,0.673273,0.32672,6.66321e-06
14279,0.800145,0.199848,7.07848e-06
2521,0.931483,0.0685043,1.24833e-05
4872,0.999632,0.000366447,1.83807e-06
13584,0.925322,0.0746668,1.07877e-05
5477,0.506456,0.493536,7.65558e-06
17043,0.925322,0.0746668,1.07877e-05
2286,0.836205,0.16379,5.8013e-06
4890,0.673273,0.32672,6.66321e-06
1960,0.990698,0.00930035,1.22356e-06
8801,0.931483,0.0685043,1.24833e-05
2970,0.840097,0.159897,5.8283e-06
2820,0.936804,0.0631939,2.23828e-06
17422,0.355324,0.64467,6.45595e-06
5861,0.81412,0.185876,3.83517e-06
2505,0.840097,0.159897,5.8283e-06
8053,0.942825,0.0571727,2.1792e-06
3822,0.9189,0.0810939,6.04992e-06
10394,0.355324,0.64467,6.45595e-06
16034,0.552101,0.44789,8.67754e-06
15627,0.931483,0.0685043,1.24833e-05
2661,0.931483,0.0685043,1.24833e-05
1083,0.99982,0.000179633,8.48771e-08
735,0.794544,0.205433,2.29719e-05
410,0.673272,0.326719,8.18646e-06
15715,0.929959,0.07004,1.30071e-06
14489,0.410196,0.589801,2.89524e-06
7960,0.880389,0.119607,3.9967e-06
1846,0.673272,0.326719,8.18646e-06
18202,0.851794,0.148199,6.17166e-06
3196,0.925322,0.0746668,1.07877e-05
539,0.931483,0.0685043,1.24833e-05
11508,0.851557,0.148394,4.88768e-05
12672,0.772979,0.227015,6.05747e-06
10189,0.836205,0.16379,5.8013e-06
3997,0.999215,0.000784825,3.00372e-08
6433,0.589921,0.410068,1.17456e-05
7893,0.957057,0.0429319,1.10802e-05
10689,0.840097,0.159897,5.8283e-06
4606,0.999991,8.98386e-06,7.21599e-09
16209,0.997075,0.00292382,7.72099e-07
14475,0.521084,0.478908,7.84392e-06
2418,0.808329,0.191664,6.33449e-06
5755,0.995268,0.00471748,1.47905e-05
14873,0.925322,0.0746668,1.07877e-05
11931,0.931483,0.0685043,1.24833e-05
6980,0.994693,0.00530401,2.6151e-06
12677,0.925322,0.0746668,1.07877e-05
5276,0.925322,0.0746668,1.07877e-05
6964,0.355324,0.64467,6.45595e-06
1928,0.947551,0.0524466,2.03713e-06
4304,0.977769,0.0222285,2.09183e-06
7222,0.836205,0.16379,5.8013e-06
2717,0.840097,0.159897,5.8283e-06
12563,0.521084,0.478908,7.84392e-06
1940,0.607254,0.392655,9.05269e-05
15530,0.673272,0.326719,8.18646e-06
10797,0.931483,0.0685043,1.24833e-05
3874,0.9714,0.0286002,1.51516e-07
3120,0.931483,0.0685043,1.24833e-05
17069,0.673272,0.326719,8.18646e-06
5980,0.931483,0.0685043,1.24833e-05
10933,0.974663,0.0253271,9.72117e-06
14738,0.0809587,0.918957,8.43836e-05
2812,0.836205,0.16379,5.8013e-06
15696,0.986305,0.0136914,3.55839e-06
2528,0.995928,0.00406898,2.95905e-06
15384,0.355324,0.64467,6.45595e-06
11279,0.673272,0.326719,8.18646e-06
14865,0.301555,0.698301,0.000143936
18432,0.611254,0.388745,7.98345e-07
6878,0.230005,0.769994,1.17995e-06
7799,0.86557,0.134425,4.76124e-06
16994,0.925322,0.0746668,1.07877e-05
7335,0.554646,0.445351,3.66726e-06
4484,0.999969,3.10684e-05,1.57625e-08
8723,0.355324,0.64467,6.45595e-06
3565,0.673272,0.326719,8.18646e-06
5820,0.931483,0.0685043,1.24833e-05
9158,0.840097,0.159897,5.8283e-06
10052,0.673272,0.326719,8.18646e-06
11890,0.995928,0.00406898,2.95905e-06
9248,0.997075,0.00292382,7.72099e-07
3792,0.931483,0.0685043,1.24833e-05
9286,0.836205,0.16379,5.8013e-06
4088,0.835608,0.16436,3.24831e-05
3052,0.925322,0.0746668,1.07877e-05
7986,0.992477,0.00752218,1.22576e-06
18116,0.957057,0.0429319,1.10802e-05
10611,0.994693,0.00530401,2.6151e-06
