id,predict_0,predict_1,predict_2
11066,0.989814814815,0.0101851851852,0.0
18000,0.509599929392,0.0859562505396,0.404443820069
16964,0.997348484848,0.00265151515152,0.0
4795,0.53064089936,0.447136878418,0.0222222222222
3392,0.640659608423,0.149038389526,0.210302002051
3795,0.461330385074,0.538669614926,0.0
2881,0.899764394556,0.100235605444,0.0
1903,0.261883042162,0.182784535726,0.555332422112
5245,0.91112012987,0.0624629228796,0.0264169472503
6726,0.919740830157,0.0802591698425,0.0
1311,0.922619047619,0.077380952381,0.0
15795,0.23480015355,0.76519984645,0.0
4315,0.995161782662,0.00483821733822,0.0
3393,0.467208454039,0.220427662556,0.312363883405
6764,0.709231817565,0.118080800372,0.172687382062
13039,0.621337727496,0.378662272504,0.0
12331,0.364054502596,0.244074713866,0.391870783537
14276,0.322079810621,0.215610893736,0.462309295643
14638,0.494773286649,0.505226713351,0.0
6573,1.0,0.0,0.0
2222,0.391550009994,0.119787619788,0.488662370219
8824,0.9375,0.0625,0.0
6360,0.370523928047,0.600344398463,0.0291316734893
7553,0.379256414428,0.217491325396,0.403252260176
13760,0.450587231563,0.454500957133,0.0949118113044
4284,0.541579469459,0.330199814483,0.128220716058
1356,0.894407926179,0.0815430518556,0.0240490219657
3410,0.983974358974,0.0160256410256,0.0
4830,0.655982574189,0.341570335864,0.00244708994709
8998,0.433466572008,0.547606984065,0.0189264439264
18052,0.980396917897,0.0196030821031,0.0
7539,0.867857913691,0.132142086309,0.0
9529,0.898310189648,0.0487255596905,0.0529642506616
3656,0.613997195615,0.336812584882,0.0491902195027
14238,0.833305853098,0.145371141204,0.021323005698
2682,0.837377117708,0.162622882292,0.0
7312,0.534959339861,0.446883703624,0.0181569565148
12971,0.77731204894,0.196927369049,0.0257605820106
10735,0.735815650399,0.264184349601,0.0
4050,0.611814792379,0.357269537642,0.0309156699782
5943,0.93088450901,0.0691154909905,0.0
6482,0.311277399298,0.688722600702,0.0
9746,0.45305674264,0.0433284308284,0.503614826531
13320,0.439358789359,0.0963104796438,0.464330730997
803,0.789774519462,0.17699148845,0.0332339920882
15437,0.63999934381,0.316348642099,0.0436520140909
12302,1.0,0.0,0.0
12271,0.711748590915,0.288251409085,0.0
5341,0.937770408604,0.0113095238095,0.0509200675867
4427,1.0,0.0,0.0
529,0.651072866654,0.306292358885,0.0426347744604
2022,0.815831322817,0.168593280358,0.0155753968254
14625,0.998737373737,0.00126262626263,0.0
2922,0.256525765901,0.508026811152,0.235447422947
16330,0.206304500238,0.510524581174,0.283170918588
12890,0.933857115107,0.0661428848929,0.0
2140,0.588767649129,0.411232350871,0.0
13484,0.804885157756,0.195114842244,0.0
12392,0.909564933523,0.0904350664767,0.0
2322,0.38234780266,0.159299496799,0.45835270054
567,0.15682799635,0.100850371714,0.742321631936
4436,0.646362433862,0.353637566138,0.0
12156,1.0,0.0,0.0
7508,0.61987853967,0.358870758871,0.021250701459
6184,0.798742538326,0.117588776964,0.0836686847104
12213,0.952955840456,0.0470441595442,0.0
6458,0.235054451721,0.33660629494,0.428339253339
13967,0.964188762626,0.0358112373737,0.0
894,0.420329153417,0.517967365333,0.06170348125
7461,0.31874859985,0.562404277081,0.118847123069
8949,0.9570128367,0.0395149410774,0.00347222222222
3477,0.620272526584,0.366899676213,0.0128277972028
2779,1.0,0.0,0.0
13551,0.318769771895,0.500818471652,0.180411756453
8297,0.619354272865,0.380645727135,0.0
5050,0.0824771112149,0.914745111007,0.00277777777778
10716,0.360012382316,0.639987617684,0.0
16075,0.644007535674,0.352024210358,0.00396825396825
1366,0.261455172914,0.720952234494,0.0175925925926
774,0.995331790123,0.00466820987654,0.0
7406,0.703084261418,0.29344351636,0.00347222222222
2526,0.84048921919,0.132538782998,0.0269719978123
9649,0.619354272865,0.380645727135,0.0
16115,0.337053687054,0.624955079643,0.0379912333037
14749,0.770587090379,0.110427304177,0.118985605444
14952,0.63062434381,0.326036142099,0.0433395140909
4786,0.282568742985,0.213030834906,0.504400422109
16513,0.889676527177,0.110323472823,0.0
2002,1.0,0.0,0.0
4701,0.675586720378,0.282508116883,0.0419051627385
7742,0.905227218769,0.0879173681257,0.00685541310541
5905,0.662887046006,0.317837869737,0.0192750842567
685,0.309790973525,0.334665122686,0.35554390379
11857,0.63612621946,0.36387378054,0.0
11628,0.154810139706,0.406455176768,0.438734683526
15024,0.804885157756,0.195114842244,0.0
4168,0.955725601559,0.037014297431,0.0072601010101
11914,0.258202470641,0.702895459207,0.0389020701521
5293,0.979717851593,0.0202821484071,0.0
3374,0.23480015355,0.76519984645,0.0
13055,0.99681712963,0.00318287037037,0.0
17759,0.767919850212,0.21880854485,0.0132716049383
590,0.578714649548,0.413204542371,0.00808080808081
1353,1.0,0.0,0.0
11938,0.0,0.136020345395,0.863979654605
1018,0.365224127724,0.276389428473,0.358386443803
14945,0.785824610212,0.214175389788,0.0
1001,0.825028740776,0.174971259224,0.0
3587,0.744983491001,0.230668056526,0.0243484524735
868,1.0,0.0,0.0
9296,0.275539705166,0.19294846516,0.531511829674
12455,0.873448313215,0.126551686785,0.0
17132,0.84148253367,0.0769192420234,0.0815982243066
10240,0.983123897707,0.00408950617284,0.0127865961199
3696,0.080497049247,0.261806287848,0.657696662905
10355,0.368167634834,0.606205754122,0.0256266110433
2206,0.604293468877,0.395706531123,0.0
14590,0.983333333333,0.0166666666667,0.0
13191,0.743714076864,0.182661710113,0.0736242130237
5882,0.778252303252,0.221747696748,0.0
12653,0.23480015355,0.76519984645,0.0
1491,0.633613924047,0.366386075953,0.0
1176,0.716633212467,0.272532097532,0.0108346900014
11246,0.752339751298,0.209407760449,0.0382524882525
14557,0.470021413771,0.340034675972,0.189943910256
4772,0.272970278179,0.493799294841,0.23323042698
17192,0.217771040688,0.782228959312,0.0
10637,0.892644365077,0.107355634923,0.0
3281,0.377378560528,0.622621439472,0.0
3191,0.645342003675,0.316510649844,0.0381473464807
672,0.888206353831,0.111793646169,0.0
6301,0.933426441024,0.0665735589755,0.0
10309,1.0,0.0,0.0
1734,0.28525309567,0.71474690433,0.0
2990,0.377038586414,0.518529233113,0.104432180474
5746,0.448595810054,0.551404189946,0.0
15289,0.933426441024,0.0665735589755,0.0
2971,1.0,0.0,0.0
9771,0.80639921624,0.126491928109,0.0671088556505
11253,0.549740460157,0.42317620651,0.0270833333333
14576,0.554234544695,0.326260635279,0.119504820026
4688,0.185526433443,0.262416634292,0.552056932265
14469,0.677996888507,0.284744957415,0.0372581540778
9298,0.996875,0.00138888888889,0.00173611111111
16099,0.378497794644,0.535765873787,0.0857363315697
17316,0.265897046626,0.433906621927,0.300196331446
15212,1.0,0.0,0.0
10691,0.980555555556,0.009375,0.0100694444444
3805,0.979166666667,0.0208333333333,0.0
6418,0.552162134363,0.442794157332,0.00504370830458
1158,0.800958994709,0.199041005291,0.0
7768,0.994883040936,0.00438596491228,0.000730994152047
4834,0.274637655826,0.121223645182,0.604138698992
10914,0.796193004526,0.203806995474,0.0
14606,0.515503574358,0.476683925642,0.0078125
3220,0.557940620563,0.400853671564,0.0412057078724
10433,0.926247517914,0.0737524820858,0.0
11251,0.627318977319,0.286163258038,0.0865177646428
8084,0.779053469678,0.220946530322,0.0
522,0.721813351409,0.270425210683,0.0077614379085
17299,0.888312175751,0.111687824249,0.0
15587,0.891119426597,0.0332127363377,0.0756678370649
1563,0.0611906997324,0.152748832957,0.78606046731
8252,0.979717813051,0.0202821869489,0.0
17802,0.498342615393,0.105744702017,0.39591268259
2738,0.932677314969,0.067322685031,0.0
9896,0.919537552136,0.0804624478644,0.0
14609,0.955393129474,0.044606870526,0.0
10463,0.988425925926,0.0115740740741,0.0
1280,0.360288554039,0.26346354263,0.376247903331
977,0.291222099433,0.487707268222,0.221070632345
979,0.388425774026,0.555453995895,0.0561202300786
10908,0.998611111111,0.00138888888889,0.0
12569,0.461179773159,0.323097697056,0.215722529785
6078,0.460661455776,0.106043359423,0.433295184801
18339,1.0,0.0,0.0
13799,0.460476240807,0.341332983919,0.198190775274
7193,0.476619445369,0.0724056421973,0.450974912433
8243,0.626355867716,0.356876064658,0.0167680676259
13622,0.995833333333,0.00416666666667,0.0
5885,0.922641941392,0.0773580586081,0.0
5768,0.866173891695,0.0775555655764,0.0562705427289
632,0.619354272865,0.380645727135,0.0
3314,0.98225308642,0.0177469135802,0.0
3664,0.641528037344,0.358471962656,0.0
18518,0.933426441024,0.0665735589755,0.0
7687,0.986441798942,0.0135582010582,0.0
17889,0.645944659218,0.31508581609,0.0389695246919
12943,0.516772116772,0.205202089577,0.278025793651
3581,0.804885157756,0.195114842244,0.0
13802,0.662048059965,0.337951940035,0.0
17702,0.251324211373,0.748675788627,0.0
12342,1.0,0.0,0.0
11185,1.0,0.0,0.0
15675,0.804885157756,0.195114842244,0.0
6716,0.521612945643,0.478387054357,0.0
17790,0.494773286649,0.505226713351,0.0
17791,0.473775799817,0.412186000728,0.114038199455
6145,0.893769039602,0.106230960398,0.0
18237,0.24904709488,0.748175127342,0.00277777777778
10523,0.548745891454,0.39134850489,0.0599056036556
4356,0.808097702951,0.14858288498,0.0433194120694
7482,0.750470266616,0.249529733384,0.0
5856,0.55538591424,0.395742220742,0.0488718650177
5011,0.418272005772,0.270380391214,0.311347603014
15872,1.0,0.0,0.0
6609,0.245231512005,0.754768487995,0.0
995,0.774712363254,0.0858015826766,0.139486054069
4680,0.954279324071,0.045720675929,0.0
18327,0.35546023989,0.461480231107,0.183059529003
8484,0.331147247814,0.668852752186,0.0
16968,0.524666863518,0.475333136482,0.0
8305,0.994005223172,0.00599477682811,0.0
7012,0.602776004859,0.397223995141,0.0
13465,0.356598089411,0.17158275752,0.471819153069
8375,1.0,0.0,0.0
15629,0.523186368714,0.476813631286,0.0
12296,0.981062610229,0.0189373897707,0.0
458,0.582894942736,0.327532361441,0.0895726958227
18124,0.272070564013,0.339976295491,0.387953140496
4430,0.0715727015359,0.620928785267,0.307498513197
14443,0.515166878151,0.347885355603,0.136947766245
15275,0.943612406112,0.0332604895105,0.0231271043771
4470,0.393458913771,0.153743941244,0.452797144985
13831,0.904336211628,0.0956637883721,0.0
7696,0.957543382543,0.0202764827765,0.0221801346801
15172,0.78312209985,0.164051226551,0.0528266735987
16647,0.5974740968,0.399037493462,0.00348840973841
14209,0.509943656788,0.461045250138,0.0290110930736
18121,0.984371492705,0.0156285072952,0.0
12144,0.494773286649,0.505226713351,0.0
800,0.835644255436,0.164355744564,0.0
13200,0.488127497502,0.511872502498,0.0
5724,0.170645905021,0.224484119276,0.604869975703
15722,0.608546276255,0.140945165945,0.2505085578
6660,0.946349483849,0.0536505161505,0.0
8394,0.961504930255,0.0384950697451,0.0
5554,0.396461476976,0.600782791101,0.0027557319224
10381,0.953434990935,0.046565009065,0.0
15783,0.989671015713,0.0103289842873,0.0
10907,0.36843041218,0.611166148666,0.0204034391534
11455,0.991915029415,0.00808497058497,0.0
5992,0.311352729061,0.579933839309,0.10871343163
16564,0.217072799885,0.224204595559,0.558722604556
7933,0.480074555075,0.455535012827,0.0643904320988
16008,0.974379748338,0.0256202516619,0.0
7265,0.219573058115,0.721246114996,0.0591808268892
11095,0.471894674407,0.528105325593,0.0
2181,0.241900730442,0.263158292325,0.494940977233
8845,0.645944659218,0.31508581609,0.0389695246919
13617,0.651205044955,0.348794955045,0.0
17228,0.990740740741,0.00925925925926,0.0
16321,0.966987569439,0.0330124305615,0.0
14851,0.988005050505,0.0094696969697,0.00252525252525
9613,0.979538439955,0.0204615600449,0.0
3121,0.892644365077,0.107355634923,0.0
4840,1.0,0.0,0.0
18216,0.320968807427,0.679031192573,0.0
17113,0.538067141192,0.461932858808,0.0
4775,0.909397546898,0.047490530303,0.0431119227994
14105,0.967212301587,0.016335978836,0.0164517195767
4993,0.523186368714,0.476813631286,0.0
8901,0.766918588855,0.176285327327,0.0567960838181
15443,0.749419831711,0.239071229696,0.0115089385923
435,0.728946804376,0.271053195624,0.0
4595,0.420329153417,0.517967365333,0.06170348125
14503,0.835795955588,0.164204044412,0.0
2191,0.575915148985,0.424084851015,0.0
2163,0.523186368714,0.476813631286,0.0
9987,0.997222222222,0.00277777777778,0.0
16234,0.353273614548,0.37288522117,0.273841164282
3834,0.268731408699,0.298676500157,0.432592091145
13133,0.768557291474,0.231442708526,0.0
13909,0.205188946856,0.336290214415,0.458520838729
9952,0.480125198875,0.511486353153,0.00838844797178
3666,0.588767649129,0.411232350871,0.0
6072,0.645944659218,0.31508581609,0.0389695246919
2936,0.238898196711,0.226549472904,0.534552330386
6497,0.83685290404,0.0792340568382,0.0839130391214
5645,0.884370567704,0.115629432296,0.0
15476,0.870962372144,0.118276054318,0.0107615735378
8472,1.0,0.0,0.0
15687,0.340349658058,0.659650341942,0.0
10682,0.929036222265,0.0709637777346,0.0
10772,0.440348154931,0.55463641297,0.00501543209877
8156,0.373503900557,0.338526055009,0.287970044435
10436,0.762890017118,0.189579324996,0.0475306578861
16827,0.970098304473,0.0299016955267,0.0
12299,0.0666760130302,0.780794225065,0.152529761905
9258,0.147976753185,0.326013646847,0.526009599968
4759,0.777357309312,0.222642690688,0.0
8989,0.672237793071,0.327762206929,0.0
14823,1.0,0.0,0.0
17270,0.751146692813,0.213385245156,0.0354680620306
2005,0.994949494949,0.00505050505051,0.0
15757,0.975155939739,0.0248440602607,0.0
14476,0.494773286649,0.505226713351,0.0
17243,0.31361242518,0.356933094927,0.329454479893
3908,0.433216387598,0.566783612402,0.0
781,0.981919893378,0.0111672278339,0.00691287878788
5398,0.554106447281,0.399099991342,0.0467935613769
2687,0.3468682484,0.519543850304,0.133587901296
5017,0.821020202791,0.138192710068,0.0407870871413
140,0.231788311997,0.766074935867,0.00213675213675
14897,0.645944659218,0.31508581609,0.0389695246919
1487,0.63062434381,0.326036142099,0.0433395140909
18371,1.0,0.0,0.0
10170,0.918934846018,0.078750339167,0.00231481481481
3464,0.667844517048,0.155713601486,0.176441881466
1535,0.308474502531,0.685385225704,0.00614027176527
1442,0.665678071928,0.322925916676,0.011396011396
7249,0.557283269109,0.419684323483,0.0230324074074
17510,0.156180759827,0.836566153754,0.00725308641975
418,0.993055555556,0.00694444444444,0.0
16274,0.0907125160415,0.342779859638,0.56650762432
12497,0.439449926769,0.560550073231,0.0
17309,0.974492945326,0.0116181657848,0.0138888888889
3891,0.583088777563,0.254653765149,0.162257457288
8437,0.93076788181,0.0692321181905,0.0
9950,0.804885157756,0.195114842244,0.0
5316,0.826057398484,0.173942601516,0.0
12979,0.58481230779,0.41518769221,0.0
14648,0.686183029933,0.274298271173,0.0395186988937
8194,0.65373764582,0.329860162723,0.016402191457
10386,0.452654695856,0.290086827971,0.257258476173
12749,0.392328350662,0.445886135469,0.161785513869
16508,0.915426163343,0.0845738366572,0.0
16386,0.995532245532,0.00446775446775,0.0
12933,0.693661662412,0.266819638695,0.0395186988937
2830,0.804885157756,0.195114842244,0.0
11528,0.494773286649,0.505226713351,0.0
15904,0.97965518278,0.0203448172198,0.0
16390,0.586921065046,0.37187523125,0.0412037037037
14036,0.998842592593,0.00115740740741,0.0
17215,1.0,0.0,0.0
14404,0.780097603014,0.219902396986,0.0
12101,0.0383700597242,0.266261381366,0.69536855891
10812,0.205763642222,0.787186694478,0.00704966329966
4374,0.996296296296,0.0037037037037,0.0
9719,0.36540965735,0.63459034265,0.0
8520,0.636133343291,0.207076571555,0.156790085154
15621,0.762890017118,0.189579324996,0.0475306578861
7173,0.251658498259,0.542395725619,0.205945776121
7544,0.304656792404,0.488274788686,0.207068418911
7253,0.629329158496,0.301964162381,0.0687066791233
16731,0.995161782662,0.00483821733822,0.0
17278,0.43575372068,0.561468501542,0.00277777777778
16327,1.0,0.0,0.0
15845,0.985542929293,0.0109848484848,0.00347222222222
6750,0.114779546887,0.293860700846,0.591359752267
7674,0.988370811287,0.0116291887125,0.0
17416,0.187911483714,0.788449635876,0.0236388804097
9050,0.45627031828,0.221261467064,0.322468214656
8931,0.213441748429,0.581016385122,0.205541866449
13146,0.533239214489,0.265893982561,0.20086680295
11584,0.692073435823,0.307926564177,0.0
8322,0.744163069592,0.255836930408,0.0
16067,0.825180567889,0.145386712053,0.0294327200577
11438,0.503320907488,0.496679092512,0.0
677,0.804885157756,0.195114842244,0.0
7475,0.568729662827,0.423884975621,0.00738536155203
13400,0.93105043105,0.064098979724,0.00485058922559
10255,0.811760783697,0.188239216303,0.0
17987,0.963295481525,0.0367045184754,0.0
13651,0.452280477556,0.206058745857,0.341660776587
8226,0.982060185185,0.0179398148148,0.0
7643,0.78367176578,0.21632823422,0.0
10318,0.136988551572,0.214847613806,0.648163834622
12382,0.783756174381,0.0893836873004,0.126860138318
2912,0.158748755103,0.434020743917,0.407230500981
2254,0.359838830151,0.170656831594,0.469504338254
13110,0.983090828924,0.0169091710758,0.0
8355,0.325519702021,0.212387508098,0.462092789881
10753,0.415626252605,0.584373747395,0.0
17974,0.418601691518,0.290368967452,0.291029341029
7588,0.874223924224,0.0754582608749,0.0503178149011
3209,0.838549182299,0.106042568543,0.0554082491582
16325,0.710355847856,0.289644152144,0.0
12009,0.989602758353,0.0103972416472,0.0
7141,0.63062434381,0.326036142099,0.0433395140909
7584,0.132191458233,0.501660954786,0.366147586981
171,0.79255696192,0.20744303808,0.0
14412,0.996031746032,0.00297619047619,0.000992063492063
16111,0.588767649129,0.411232350871,0.0
17959,0.942898266857,0.0571017331434,0.0
401,0.872611686153,0.119696006154,0.00769230769231
16571,0.575915148985,0.424084851015,0.0
3294,0.514846238237,0.485153761763,0.0
16220,0.538704158496,0.115438400334,0.34585744117
2404,0.998263888889,0.00173611111111,0.0
11002,0.632313327105,0.367686672895,0.0
372,0.744660316535,0.202531843157,0.0528078403078
15477,0.975847763348,0.0227633477633,0.00138888888889
41,0.755408768338,0.244591231662,0.0
8671,0.990327380952,0.00967261904762,0.0
8129,0.93054504954,0.0278958174179,0.041559133042
14683,0.933343879024,0.066656120976,0.0
9873,0.967276936027,0.0327230639731,0.0
13577,0.985835923336,0.0141640766641,0.0
16132,0.995177469136,0.0048225308642,0.0
10100,0.905378475691,0.094621524309,0.0
5629,0.462775573192,0.524371693122,0.0128527336861
16618,0.321089201512,0.676926671504,0.00198412698413
16876,0.405566771192,0.241599257224,0.352833971584
16036,1.0,0.0,0.0
9322,0.402135364635,0.21143474581,0.386429889555
8549,1.0,0.0,0.0
18132,0.998456790123,0.00154320987654,0.0
13487,0.590566478681,0.406837273756,0.00259624756335
6904,0.523055981328,0.421237010085,0.0557070085869
2799,0.63444456211,0.36555543789,0.0
9694,0.0842997371184,0.276386075344,0.639314187537
4417,0.481712353097,0.518287646903,0.0
1494,0.852559323393,0.137139750681,0.0103009259259
13929,0.246483628254,0.656406884011,0.0971094877345
6530,0.346164637831,0.653835362169,0.0
2483,0.720645009493,0.240117376269,0.0392376142376
3301,0.601738847572,0.398261152428,0.0
11323,0.973943629673,0.0260563703272,0.0
1237,0.720264997348,0.24276069224,0.0369743104118
1747,0.935917188521,0.0640828114786,0.0
2655,0.754704837952,0.242674294931,0.0026208671168
16310,0.523570108822,0.38139545031,0.0950344408678
4173,0.805555555556,0.194444444444,0.0
17613,0.790031660651,0.201421330802,0.00854700854701
18062,1.0,0.0,0.0
4109,0.494773286649,0.505226713351,0.0
15881,0.979166666667,0.0208333333333,0.0
17020,0.975178872054,0.0248211279461,0.0
7642,0.452631126589,0.474546653192,0.0728222202181
9464,0.914278545529,0.0857214544715,0.0
22,0.969893917811,0.0301060821894,0.0
16394,0.814202337242,0.185797662758,0.0
12854,0.569628731608,0.0394329243288,0.390938344063
5073,0.523186368714,0.476813631286,0.0
2069,0.943452149702,0.0289157601658,0.0276320901321
8545,0.963517501018,0.0364824989825,0.0
10775,0.503319809049,0.461788809185,0.0348913817664
9744,0.777605766147,0.222394233853,0.0
17138,0.593394780911,0.0763921906482,0.330213028441
16619,0.966852900186,0.0331470998138,0.0
195,0.493705350997,0.506294649003,0.0
10258,0.463262698404,0.533489752577,0.00324754901961
4347,0.51380825284,0.472302858271,0.0138888888889
17587,0.641370165328,0.358629834672,0.0
3019,0.282362197987,0.454788151663,0.26284965035
18552,1.0,0.0,0.0
13223,0.624603945437,0.375396054563,0.0
7856,0.637498997916,0.357485569986,0.00501543209877
9830,0.494773286649,0.505226713351,0.0
10965,0.818693188393,0.181306811607,0.0
4677,0.060656665865,0.237960958794,0.701382375341
12176,0.153692260039,0.402609195166,0.443698544795
15210,0.312307252932,0.68653533966,0.00115740740741
3764,0.572861474945,0.427138525055,0.0
16846,0.227443567915,0.772556432085,0.0
771,0.141265062098,0.192248569332,0.66648636857
13019,0.146797873514,0.225812660923,0.627389465563
252,0.705754118364,0.288911364789,0.00533451684767
11064,0.814754227254,0.185245772746,0.0
18221,0.295297365579,0.704702634421,0.0
11502,0.932682342829,0.067317657171,0.0
14392,0.852878051959,0.147121948041,0.0
9541,0.458666063874,0.362377206127,0.178956729998
3206,0.523186368714,0.476813631286,0.0
1994,0.420715180335,0.168734993674,0.410549825991
17294,0.508136924804,0.488490059323,0.00337301587302
344,1.0,0.0,0.0
15404,0.999074074074,0.000925925925926,0.0
521,0.81445285039,0.18554714961,0.0
876,1.0,0.0,0.0
7671,0.344843185591,0.655156814409,0.0
3351,1.0,0.0,0.0
11771,0.962557465682,0.0374425343175,0.0
1511,0.0802400252945,0.077377641195,0.84238233351
9265,0.552607904078,0.443153279183,0.00423881673882
7982,0.960490859449,0.0395091405508,0.0
14175,0.530270209774,0.446806315281,0.0229234749455
10039,0.89085079658,0.0924163991872,0.0167328042328
14091,0.523186368714,0.476813631286,0.0
16518,1.0,0.0,0.0
10022,0.996085858586,0.00391414141414,0.0
11564,0.843115410824,0.0909940368274,0.0658905523489
7125,0.776165115748,0.219668217585,0.00416666666667
13985,0.23480015355,0.76519984645,0.0
16442,0.546860959484,0.453139040516,0.0
8894,0.973153659612,0.026846340388,0.0
12070,0.926572971781,0.066763117284,0.00666391093474
5222,0.632876845377,0.367123154623,0.0
5035,0.195141336287,0.456373102206,0.348485561506
11720,0.966405508072,0.0335944919278,0.0
2902,0.35546023989,0.461480231107,0.183059529003
16663,0.7781828227,0.155027321201,0.0667898560991
5322,0.641528037344,0.358471962656,0.0
18013,0.49793686252,0.160182679974,0.341880457505
7204,0.963951557702,0.0360484422984,0.0
5241,0.724217873176,0.103440155523,0.1723419713
10289,0.931236356236,0.0634500915751,0.00531355218855
2841,0.610055299639,0.371724494641,0.0182202057202
799,0.674553417262,0.325446582738,0.0
1913,0.108302923928,0.617701434368,0.273995641704
4910,0.460129935651,0.531712095775,0.00815796857464
451,0.556913052226,0.437477973415,0.00560897435897
10840,0.35546023989,0.461480231107,0.183059529003
15308,0.1236254849,0.322804921794,0.553569593306
10669,0.186262348762,0.256371194392,0.557366456846
9628,0.915242704826,0.084757295174,0.0
1010,0.807335874003,0.192664125997,0.0
11501,0.765511340511,0.114784906452,0.119703753037
12727,0.397780922781,0.602219077219,0.0
13407,1.0,0.0,0.0
11481,0.571166517306,0.428833482694,0.0
7183,0.397486271445,0.0672027432444,0.535310985311
1066,0.820246786393,0.179753213607,0.0
4010,0.986111111111,0.0138888888889,0.0
13436,0.645944659218,0.31508581609,0.0389695246919
13848,1.0,0.0,0.0
15025,0.464062750521,0.523084515793,0.0128527336861
3313,0.342185148956,0.624397342627,0.0334175084175
13580,1.0,0.0,0.0
14183,0.932682342829,0.067317657171,0.0
11433,0.768581516069,0.231418483931,0.0
9442,0.701569396698,0.294784769969,0.00364583333333
15,0.900045479212,0.0999545207879,0.0
10817,0.987737573099,0.0122624269006,0.0
330,0.703456535748,0.296543464252,0.0
17999,0.998737373737,0.00126262626263,0.0
6883,0.724245245722,0.225678287535,0.0500764667431
7946,0.239189880336,0.758495304849,0.00231481481481
2122,0.975362253487,0.0246377465127,0.0
16053,0.980888074117,0.0191119258828,0.0
889,1.0,0.0,0.0
3521,0.831843869626,0.168156130374,0.0
18229,0.276976887945,0.191119156805,0.53190395525
11922,0.975783475783,0.0242165242165,0.0
2870,0.949046555297,0.0509534447034,0.0
4093,0.230883479719,0.254777743136,0.514338777145
283,0.183184196205,0.477814758544,0.339001045251
10344,0.459679354777,0.534147805716,0.00617283950617
531,0.997222222222,0.00277777777778,0.0
2710,0.494773286649,0.505226713351,0.0
8826,0.330737279696,0.640125615126,0.0291371051788
10484,0.902158489658,0.0978415103415,0.0
12881,0.147797071755,0.208567936693,0.643634991552
5013,0.362363618148,0.629611690494,0.00802469135802
1189,0.389774962692,0.308562271062,0.301662766246
7899,0.766891133558,0.233108866442,0.0
12413,0.996031746032,0.00297619047619,0.000992063492063
11046,0.613997195615,0.336812584882,0.0491902195027
5834,0.666642539559,0.299712979921,0.0336444805195
14782,0.781081938894,0.218918061106,0.0
9994,0.504142443205,0.491227927165,0.00462962962963
147,0.223926693994,0.398654751657,0.377418554349
2152,0.989814814815,0.0101851851852,0.0
3478,0.301516099188,0.0890708057375,0.609413095075
8873,0.496787560207,0.375359031854,0.127853407939
5577,0.262093924594,0.51818698277,0.219719092636
12729,0.777167701126,0.0715546413463,0.151277657528
11488,0.428778873632,0.571221126368,0.0
17901,0.550056328702,0.446636792991,0.00330687830688
650,0.63062434381,0.326036142099,0.0433395140909
3127,0.817364017609,0.182635982391,0.0
3761,0.358905998459,0.554091266622,0.0870027349194
16587,0.134467037592,0.0417232073482,0.82380975506
11773,0.287027054735,0.375847493556,0.337125451709
11000,0.615542328042,0.384457671958,0.0
10785,0.754704837952,0.242674294931,0.0026208671168
2280,0.204300175134,0.492482979983,0.303216844884
13306,0.541002935427,0.458997064573,0.0
14185,0.98062778474,0.0193722152604,0.0
18326,0.63062434381,0.326036142099,0.0433395140909
2544,0.995017482517,0.00498251748252,0.0
6979,0.935486032667,0.0645139673326,0.0
50,0.361754834672,0.347459600585,0.290785564744
11525,0.557283269109,0.419684323483,0.0230324074074
13479,0.502687994875,0.136582900125,0.360729105
8865,0.645944659218,0.31508581609,0.0389695246919
14822,0.733434734608,0.0479240791829,0.218641186209
9763,0.980888074117,0.0191119258828,0.0
2129,0.494773286649,0.505226713351,0.0
13332,0.503823574492,0.470604736394,0.0255716891134
7082,1.0,0.0,0.0
7783,0.685795447744,0.314204552256,0.0
7202,0.980888074117,0.0191119258828,0.0
18223,0.735787264433,0.264212735567,0.0
6631,0.517513736264,0.31185966811,0.170626595627
14666,0.998737373737,0.00126262626263,0.0
4432,0.988536155203,0.00793650793651,0.00352733686067
6566,0.988888888889,0.0111111111111,0.0
11828,0.566062191688,0.124691201829,0.309246606483
3485,0.695361216715,0.277168491231,0.0274702920536
17499,0.953797591298,0.0462024087024,0.0
5855,0.435572683489,0.535648456482,0.0287788600289
15165,0.99255952381,0.00744047619048,0.0
4574,0.93755469068,0.0594465719466,0.00299873737374
9316,0.461430015323,0.134700310249,0.403869674429
17011,0.97057514245,0.0294248575499,0.0
12002,0.619354272865,0.380645727135,0.0
17674,0.80736997661,0.191241134501,0.00138888888889
232,0.954969336219,0.0450306637807,0.0
5584,0.684074721575,0.315925278425,0.0
18310,0.393058974432,0.606941025568,0.0
5677,0.00432098765432,0.0974090724091,0.898269939937
18145,1.0,0.0,0.0
3086,0.810501034459,0.189498965541,0.0
15184,0.371256058756,0.12222172118,0.506522220064
16348,0.926852237269,0.0731477627311,0.0
17675,0.863558203325,0.136441796675,0.0
3074,0.925551046629,0.0744489533705,0.0
3355,0.584247214976,0.400678218387,0.0150745666371
9764,0.71033626867,0.278829041329,0.0108346900014
4951,0.786951358826,0.181181357223,0.0318672839506
11942,0.972947731281,0.0270522687189,0.0
3983,0.78367176578,0.21632823422,0.0
3344,0.450595055529,0.375122754317,0.174282190154
8511,0.450654034481,0.269799129558,0.279546835961
14693,0.658040686166,0.341959313834,0.0
16480,0.923827330077,0.0695487382987,0.00662393162393
13782,0.991196689113,0.00880331088664,0.0
4869,0.534708886792,0.465291113208,0.0
1459,0.938921110888,0.061078889112,0.0
10674,0.261883042162,0.182784535726,0.555332422112
16104,1.0,0.0,0.0
16927,1.0,0.0,0.0
11812,0.273523428732,0.331649330608,0.394827240661
12488,0.726899598223,0.271116274793,0.00198412698413
6612,0.617910985619,0.382089014381,0.0
10000,0.906460167919,0.0935398320815,0.0
10605,0.994290123457,0.00570987654321,0.0
18523,0.766334109563,0.233665890437,0.0
11708,0.813282306407,0.166556336919,0.0201613566745
12948,0.852791691333,0.127975843601,0.0192324650658
7825,0.980888074117,0.0191119258828,0.0
14772,0.819500252834,0.180499747166,0.0
15734,0.804885157756,0.195114842244,0.0
17023,0.29496803351,0.166369047619,0.538662918871
15114,0.518667328042,0.481332671958,0.0
4467,0.779305455347,0.188827260702,0.0318672839506
16520,0.327846064611,0.171033605102,0.501120330287
17367,0.77550200571,0.22449799429,0.0
4580,0.685750977418,0.300738921572,0.0135101010101
6154,0.933206392826,0.0667936071735,0.0
1088,0.748663662726,0.0637120788162,0.187624258458
15595,0.863301571114,0.117867260055,0.0188311688312
10063,0.484219021719,0.515780978281,0.0
7395,0.933426441024,0.0665735589755,0.0
2509,0.502353395062,0.497646604938,0.0
15619,1.0,0.0,0.0
10987,0.328226608106,0.636705739639,0.0350676522552
4564,0.650842714384,0.285189771648,0.0639675139675
17483,0.939326799743,0.0606732002565,0.0
16410,0.360534527201,0.114182461057,0.525283011741
14723,0.619354272865,0.380645727135,0.0
1036,0.651688936064,0.348311063936,0.0
4405,0.995548433048,0.00445156695157,0.0
7491,0.666796089713,0.320902322986,0.0123015873016
14451,0.537854044104,0.462145955896,0.0
18335,0.00277777777778,0.0933686683687,0.903853553854
15069,0.0705082952632,0.13880441454,0.790687290197
2328,0.365744159617,0.634255840383,0.0
17635,0.4113031871,0.165104861551,0.423591951349
16784,0.995949074074,0.00405092592593,0.0
230,0.568693395838,0.431306604162,0.0
8896,0.476513629118,0.493983003879,0.0295033670034
14835,0.356128220681,0.548535711066,0.0953360682527
9983,0.627559146554,0.372440853446,0.0
12133,0.670460328977,0.233886057661,0.0956536133619
10893,0.911044762699,0.0889552373008,0.0
10904,0.892644365077,0.107355634923,0.0
3087,0.645944659218,0.31508581609,0.0389695246919
1254,0.962557465682,0.0374425343175,0.0
3402,0.206409265662,0.452669505059,0.340921229279
16362,0.432919819378,0.221985344902,0.34509483572
14681,0.981481481481,0.0185185185185,0.0
16420,0.42705477109,0.568286010205,0.00465921870527
1559,1.0,0.0,0.0
8700,1.0,0.0,0.0
15452,0.933426441024,0.0665735589755,0.0
13565,1.0,0.0,0.0
628,0.881638346222,0.099195287737,0.0191663660414
5344,0.439222717869,0.270660300348,0.290116981784
15163,0.523186368714,0.476813631286,0.0
10766,0.828372668998,0.139022705689,0.032604625313
16380,0.526911128994,0.341215767257,0.131873103748
7770,0.998737373737,0.00126262626263,0.0
5412,0.933426441024,0.0665735589755,0.0
12885,0.932682342829,0.067317657171,0.0
11332,1.0,0.0,0.0
17718,0.222248180061,0.777751819939,0.0
2780,1.0,0.0,0.0
7411,0.718593269022,0.281406730978,0.0
4038,0.804885157756,0.195114842244,0.0
219,0.128540710832,0.622522635543,0.248936653624
382,0.959177088344,0.0408229116562,0.0
5134,0.173798809215,0.767732075024,0.0584691157608
8782,0.402787289465,0.266693309128,0.330519401408
13297,0.722595228845,0.249965697882,0.0274390732724
5655,0.214640471411,0.737647287126,0.0477122414622
12,0.901573938589,0.0984260614106,0.0
18437,0.97945877425,0.0205412257496,0.0
15061,0.588767649129,0.411232350871,0.0
17179,0.503634405718,0.192762021929,0.303603572354
15394,0.93054504954,0.0278958174179,0.041559133042
13302,0.930235293256,0.0494507807008,0.0203139260431
16908,1.0,0.0,0.0
11829,0.965772190772,0.0342278092278,0.0
18236,0.343710128606,0.616716057862,0.0395738135321
14617,0.914907922506,0.085092077494,0.0
1837,0.993308080808,0.00669191919192,0.0
13734,0.225059778185,0.461995219287,0.312945002528
14894,0.575915148985,0.424084851015,0.0
12703,0.995701058201,0.00429894179894,0.0
17190,0.267917846043,0.638077200577,0.09400495338
14704,0.27813584943,0.35974259384,0.362121556729
11412,1.0,0.0,0.0
8880,0.217140922349,0.489808455433,0.293050622217
10855,0.214436951937,0.276277098673,0.50928594939
2636,0.176217252056,0.109194980764,0.714587767181
15890,0.892644365077,0.107355634923,0.0
11288,0.816383153883,0.183616846117,0.0
2037,0.523186368714,0.476813631286,0.0
13921,0.998263888889,0.00173611111111,0.0
5640,0.658880446442,0.336998674437,0.00412087912088
11354,0.995161782662,0.00483821733822,0.0
17161,0.41443791548,0.582629985755,0.00293209876543
14317,0.833557648325,0.166442351675,0.0
13513,0.377938602111,0.196828422349,0.425232975539
18208,0.367982715133,0.191362681436,0.44065460343
2020,0.81646174042,0.18353825958,0.0
4801,0.345750661376,0.654249338624,0.0
12728,1.0,0.0,0.0
9614,0.584050722025,0.415949277975,0.0
1259,0.27984638818,0.232731080648,0.487422531173
9799,0.327723511057,0.672276488943,0.0
595,0.251705745915,0.0594266186791,0.688867635406
13916,0.314313464313,0.685686535687,0.0
2072,0.0930107950329,0.236969088011,0.670020116956
3373,0.995612373737,0.00438762626263,0.0
9684,0.817227852032,0.182772147968,0.0
9159,0.160486540511,0.343728618422,0.495784841067
13478,0.323380785881,0.675461806712,0.00115740740741
14729,0.988536155203,0.00793650793651,0.00352733686067
10918,0.916007141007,0.0816618566619,0.002331002331
11611,0.63999934381,0.316348642099,0.0436520140909
17819,0.665752573044,0.334247426956,0.0
17274,0.154380149172,0.219041529458,0.62657832137
253,0.144348192204,0.105861979116,0.749789828681
10504,0.613997195615,0.336812584882,0.0491902195027
13012,0.405573766511,0.572804760826,0.0216214726631
15828,0.99269789056,0.00730210944027,0.0
18056,0.986111111111,0.0138888888889,0.0
11009,1.0,0.0,0.0
13653,0.769937508479,0.230062491521,0.0
8329,0.766472300847,0.106398578274,0.127129120879
156,0.933426441024,0.0665735589755,0.0
18014,0.754290578249,0.245709421751,0.0
2014,0.282873485447,0.666172318286,0.0509541962667
1122,0.63062434381,0.326036142099,0.0433395140909
17329,0.815164465164,0.170946645947,0.0138888888889
2877,0.961526590693,0.0384734093067,0.0
10125,0.948580277747,0.0514197222531,0.0
5972,0.996527777778,0.00231481481481,0.00115740740741
4957,0.867237430779,0.132762569221,0.0
8501,0.466535489973,0.21056863661,0.322895873417
18417,0.0489580748772,0.373771317644,0.577270607479
4012,0.977846170034,0.0186816077441,0.00347222222222
13575,1.0,0.0,0.0
14546,0.933426441024,0.0665735589755,0.0
12403,0.907189839482,0.0928101605185,0.0
236,1.0,0.0,0.0
15805,0.573906379115,0.426093620885,0.0
1052,0.994444444444,0.00555555555556,0.0
15084,0.63062434381,0.326036142099,0.0433395140909
11239,0.615641849825,0.379617231372,0.00474091880342
6191,0.824064361564,0.175935638436,0.0
11792,0.949704278546,0.0438447532585,0.00645096819557
16090,0.831843869626,0.168156130374,0.0
8843,1.0,0.0,0.0
12914,0.732501283665,0.267498716335,0.0
8345,0.624603945437,0.375396054563,0.0
16801,0.853561073322,0.140883371122,0.00555555555556
14459,0.860354842371,0.0910491378629,0.0485960197664
13139,0.506459551251,0.493540448749,0.0
7026,0.469414793344,0.530585206656,0.0
6008,0.19758538144,0.748114173635,0.0543004449254
18090,1.0,0.0,0.0
18514,0.729113710364,0.270886289636,0.0
267,0.32751184568,0.163391596602,0.509096557718
9410,1.0,0.0,0.0
1202,0.997222222222,0.00277777777778,0.0
4346,0.997863247863,0.00213675213675,0.0
3589,0.977744246494,0.0222557535058,0.0
6613,0.769952501203,0.186275452942,0.0437720458554
10139,0.933426441024,0.0665735589755,0.0
554,0.503320907488,0.496679092512,0.0
13876,0.815453142536,0.184546857464,0.0
8173,0.267541684668,0.211143497479,0.521314817853
15205,1.0,0.0,0.0
3010,0.700537117204,0.0834688845106,0.215993998286
14580,0.92648199658,0.07351800342,0.0
8113,1.0,0.0,0.0
9485,0.587949434824,0.412050565176,0.0
18517,0.939945190068,0.050795550673,0.00925925925926
15395,1.0,0.0,0.0
3223,0.578315768315,0.371483238721,0.0502009929642
13016,0.957682479557,0.0423175204425,0.0
9819,0.963467049925,0.0365329500746,0.0
12485,1.0,0.0,0.0
12664,0.360012382316,0.639987617684,0.0
10761,0.453658024982,0.546341975018,0.0
4787,0.901550552071,0.0857780915073,0.0126713564214
2376,0.10703316745,0.592817984485,0.300148848066
9858,0.821267274392,0.166551889469,0.0121808361392
18112,0.36540965735,0.63459034265,0.0
5833,0.627505904589,0.370509968427,0.00198412698413
14234,0.990040106952,0.00995989304813,0.0
12547,0.63062434381,0.326036142099,0.0433395140909
1683,0.493810342111,0.0944842803395,0.41170537755
3177,0.242829620023,0.481703232197,0.275467147781
5131,0.917592552917,0.0824074470827,0.0
2989,0.63062434381,0.326036142099,0.0433395140909
18268,0.676652119667,0.323347880333,0.0
8165,0.339840080036,0.585901712893,0.0742582070707
14193,0.575374050427,0.424625949573,0.0
14202,0.970886944845,0.0291130551547,0.0
8788,1.0,0.0,0.0
1273,0.995701058201,0.00429894179894,0.0
1013,0.888709088433,0.111290911567,0.0
10073,0.0876343427814,0.868146527583,0.0442191296358
5234,1.0,0.0,0.0
354,0.588767649129,0.411232350871,0.0
17030,0.82076070149,0.17923929851,0.0
17496,0.968258978676,0.0317410213244,0.0
13772,0.683140644078,0.316859355922,0.0
7863,0.28282080347,0.643002292053,0.0741769044771
18447,0.171987179034,0.137074901995,0.690937918971
10466,0.085537687621,0.297281094677,0.617181217702
9902,1.0,0.0,0.0
1093,0.41782749295,0.58217250705,0.0
16271,0.733744674216,0.266255325784,0.0
4584,1.0,0.0,0.0
3335,0.523186368714,0.476813631286,0.0
10695,0.217692723943,0.552341100258,0.2299661758
9569,0.469414793344,0.530585206656,0.0
791,0.744589168548,0.243340725632,0.0120701058201
101,0.762049370383,0.237950629617,0.0
9332,0.820532958554,0.125788389851,0.0536786515953
10287,0.336283296179,0.654724538579,0.00899216524217
6086,0.777357309312,0.222642690688,0.0
16461,0.250747624063,0.677067822564,0.0721845533733
12443,0.280684500231,0.24559524535,0.473720254419
7440,0.975155939739,0.0248440602607,0.0
9773,0.526540997129,0.369761660816,0.103697342055
8518,0.827743552744,0.0624649270483,0.109791520208
9030,0.590063061938,0.189112392237,0.220824545825
1461,0.510965384924,0.448704227871,0.0403303872054
15802,0.984722222222,0.0152777777778,0.0
10281,0.708098267473,0.291901732527,0.0
3712,0.681761464298,0.189355576794,0.128882958907
14320,0.756396540098,0.0150689905592,0.228534469343
7285,0.982943214193,0.0121956746957,0.00486111111111
8532,0.666175182842,0.333824817158,0.0
13861,0.59021519285,0.372213504995,0.0375713021546
15669,0.66751003626,0.0236040965208,0.308885867219
9515,0.998611111111,0.00138888888889,0.0
5699,0.64666456229,0.255329585538,0.0980058521725
13087,0.168765609391,0.688565909399,0.14266848121
2036,0.260516065724,0.47579018204,0.263693752235
13603,0.988151605339,0.0118483946609,0.0
1649,0.839840952892,0.160159047108,0.0
11935,1.0,0.0,0.0
18051,0.425272566939,0.0444240558824,0.530303377178
2127,0.859212950267,0.140787049733,0.0
9765,0.0498186998187,0.305112152508,0.645069147673
655,0.331233388525,0.620155500364,0.0486111111111
12963,0.589533297131,0.410466702869,0.0
13450,0.990117521368,0.00988247863248,0.0
16279,0.794792938543,0.0110339506173,0.19417311084
17945,0.58387684846,0.41612315154,0.0
8823,0.397601511143,0.598127104377,0.00427138447972
1772,0.00555555555556,0.0687950552534,0.925649389191
17523,0.36187440011,0.56872147007,0.0694041298208
12404,0.498693513277,0.277048376007,0.224258110716
6179,1.0,0.0,0.0
13531,0.645944659218,0.31508581609,0.0389695246919
3588,0.999074074074,0.000925925925926,0.0
9429,0.925777116402,0.0742228835979,0.0
7175,0.443795568407,0.556204431593,0.0
7452,0.369795356468,0.628468532421,0.00173611111111
1200,0.753341276779,0.178132322924,0.0685264002972
12298,0.97919973545,0.0208002645503,0.0
6189,0.454066573858,0.535905953614,0.0100274725275
1181,0.916004867047,0.0839951329535,0.0
10469,0.533480716814,0.466519283186,0.0
5760,0.946142399267,0.0538576007326,0.0
16232,0.990740740741,0.00925925925926,0.0
11345,0.451244588745,0.455734928652,0.0930204826038
4602,1.0,0.0,0.0
7363,0.414176602718,0.429595558762,0.15622783852
10688,0.362444246023,0.431461929501,0.206093824476
13870,0.523788711289,0.408414193831,0.0677970948804
915,0.872611686153,0.119696006154,0.00769230769231
8260,1.0,0.0,0.0
7376,0.999074074074,0.000925925925926,0.0
1862,0.998611111111,0.00138888888889,0.0
16179,0.121655158113,0.867696693738,0.0106481481481
512,0.714312654938,0.285687345062,0.0
12553,1.0,0.0,0.0
17710,0.943740827074,0.0562591729258,0.0
5309,0.60446448069,0.39553551931,0.0
2800,0.588767649129,0.411232350871,0.0
16338,0.861012637054,0.138987362946,0.0
6193,0.662107161404,0.300957712298,0.0369351262976
11749,0.373286705578,0.499608339192,0.12710495523
5076,0.148693783069,0.740542328042,0.110763888889
